
166686,541716,1451.0083
166686,541706,1450.5103
166686,541696,1450.0275
166686,541686,1450.6279
166686,541676,1450.3435
166686,541666,1449.8607
166686,541656,1450.1866
166686,541646,1450.1921
166686,541636,1450.3349
166686,541626,1449.9589
166686,541616,1449.2167
166686,541606,1449.5121
166686,541596,1448.7547
166686,541586,1449.1721
166686,541576,1449.0556
166686,541566,1449.4729
166686,541556,1449.3868
166686,541546,1449.3771
166686,541536,1449.2757
166686,541526,1449.1897
166686,541516,1448.7526
166686,541506,1448.7886
166686,541496,1448.6415
166686,541486,1448.4029
166686,541476,1448.6372
166686,541466,1447.7425
166686,541456,1448.0684
166686,541446,1448.3485
166686,541436,1448.0641
166686,541426,1447.5355
166686,541416,1447.8155
166686,541406,1447.5921
166686,541396,1447.5976
166686,541386,1447.9388
166686,541376,1447.7001
166686,541366,1447.3852
166686,541356,1446.9787
166686,541346,1447.1978
166686,541336,1447.3711
166686,541326,1447.0714
166686,541316,1446.8175
166686,541306,1447.2045
166686,541296,1447.0116
166686,541286,1446.4372
166686,541276,1446.2138
166686,541266,1446.6617
166686,541256,1446.5604
166686,541246,1446.5353
166686,541236,1445.8847
166686,541226,1445.6918
166686,541216,1445.5752
166686,541206,1446.0537
166686,541196,1445.9066
166686,541186,1446.3394
166686,541176,1446.4517
166686,541166,1445.6637
166686,541156,1445.6387
166686,541146,1445.7203
166686,541136,1445.8631
166686,541126,1445.9602
166686,541116,1445.7215
166686,541106,1445.4523
166686,541096,1444.7712
166686,541086,1444.9750
166686,541076,1444.5838
166686,541066,1444.5587
166686,541056,1444.5337
166686,541046,1444.3103
166686,541036,1444.3310
166686,541026,1444.5196
166686,541016,1444.5250
166686,541006,1444.4084
166686,540996,1444.4139
166686,540986,1443.9769
166686,540976,1443.8756
166686,540966,1443.7895
166686,540956,1444.6800
166686,540946,1444.2735
166686,540936,1444.2332
166686,540926,1443.8419
166686,540916,1443.6338
166686,540906,1443.0747
166686,540896,1443.6448
166686,540886,1443.7417
166686,540876,1443.7014
166686,540866,1443.5085
166686,540856,1443.5292
166686,540846,1443.0922
166686,540836,1443.0977
166686,540826,1443.3321
166686,540816,1443.4291
166686,540806,1442.9005
166686,540796,1442.6314
166686,540786,1442.4537
166686,540776,1442.5355
166686,540766,1442.5257
166686,540756,1442.3176
166686,540746,1442.1858
166686,540736,1442.1148
166686,540726,1441.7694
166686,540716,1441.8511
166686,540706,1441.6277
166686,540696,1441.3891
166686,540686,1441.5014
166686,540676,1441.5679
166686,540666,1441.2835
166686,540656,1441.2127
166686,540646,1441.3707
166686,540636,1441.4525
166686,540626,1441.2749
166686,540616,1440.9447
166686,540606,1440.5077
166686,540596,1439.9028
166686,540586,1439.9540
166686,540576,1440.3714
166686,540566,1440.3921
166686,540556,1440.6265
166686,540546,1440.5099
166686,540536,1440.2255
166686,540526,1440.2920
166686,540516,1439.7634
166686,540506,1439.5705
166686,540496,1439.7591
166686,540486,1439.9782
166686,540476,1440.1057
166686,540466,1440.0043
166686,540456,1439.9183
166686,540446,1439.5881
166686,540436,1439.3799
166686,540426,1439.1108
166686,540416,1438.9942
166686,540406,1438.9691
166686,540396,1439.2645
166686,540386,1439.4531
166686,540376,1439.0771
166686,540366,1438.8995
166686,540356,1438.5388
166686,540346,1438.7274
166686,540336,1438.3056
166686,540326,1438.5551
166686,540316,1438.4691
166686,540306,1437.8337
166686,540296,1438.0375
166686,540286,1438.3787
166686,540276,1438.9640
166686,540266,1439.2594
166686,540256,1438.7614
166686,540246,1438.4617
166686,540236,1437.9178
166686,540226,1437.9538
166686,540216,1437.7609
166686,540206,1437.5376
166686,540196,1437.3598
166686,540186,1437.0601
166686,540176,1436.8367
166686,540166,1435.2554
166686,540156,1435.8865
166686,540146,1436.2581
166686,540136,1436.1262
166686,540126,1436.3301
166686,540116,1436.5339
166686,540106,1436.1732
166686,540096,1435.4768
166686,540086,1435.3602
166686,540076,1435.5793
166686,540066,1435.8747
166686,540056,1435.6513
166686,540046,1435.5652
166686,540036,1435.7842
166686,540026,1435.5456
166686,540016,1435.3985
166686,540006,1435.5413
166686,539996,1435.7146
166686,539986,1435.2318
166686,539976,1435.1610
166686,539966,1435.0291
166686,539956,1434.4090
166686,539946,1434.5366
166686,539936,1434.6794
166686,539926,1434.4255
166686,539916,1434.0953
166686,539906,1434.0702
166686,539896,1433.9231
166686,539886,1434.1269
166686,539876,1434.2849
166686,539866,1434.1683
166686,539856,1433.6245
166686,539846,1434.0267
166686,539836,1434.0017
166686,539826,1433.6715
166686,539816,1433.7227
166686,539806,1433.2705
166686,539796,1432.9860
166686,539786,1432.5185
166686,539776,1432.9512
166686,539766,1433.0177
166686,539756,1432.8400
166686,539746,1433.1049
166686,539736,1433.0341
166686,539726,1432.6733
166686,539716,1432.5110
166686,539706,1431.8146
166686,539696,1432.2931
166686,539686,1432.5579
166686,539676,1432.2735
166686,539666,1432.4011
166686,539656,1431.5215
166686,539646,1431.9390
166686,539636,1431.5172
166686,539626,1430.1189
166686,539616,1430.7500
166686,539606,1431.2437
166686,539596,1431.2034
166686,539586,1431.2699
166686,539576,1431.2449
166686,539566,1431.4182
166686,539556,1430.9964
166686,539546,1431.1240
166686,539536,1431.0532
166686,539526,1430.1431
166686,539516,1430.1639
166686,539506,1430.5508
166686,539496,1430.5410
166686,539486,1430.5922
166686,539476,1431.4216
166686,539466,1431.5034
166686,539456,1430.6697
166686,539446,1429.9427
166686,539436,1429.3531
166686,539426,1429.5112
166686,539416,1429.4709
166686,539406,1429.9036
166686,539396,1429.7260
166686,539386,1429.4873
166686,539376,1429.7370
166686,539366,1429.1168
166686,539356,1428.8782
166686,539346,1429.0820
166686,539336,1428.8280
166686,539326,1428.6046
166686,539316,1428.1219
166686,539306,1428.1120
166686,539296,1428.3311
166686,539286,1428.3366
166686,539276,1428.2353
166686,539266,1428.1950
166686,539256,1428.3836
166686,539246,1428.2060
166686,539236,1428.0589
166686,539226,1428.0186
166686,539216,1428.1613
166686,539206,1428.1362
166686,539196,1428.0349
166686,539186,1427.7810
166686,539176,1427.2677
166686,539166,1427.0900
166686,539156,1427.2023
166686,539146,1426.7348
166686,539136,1426.7555
166686,539126,1426.5474
166686,539116,1426.3240
166686,539106,1425.9785
166686,539096,1425.9230
166686,539086,1426.8135
166686,539076,1426.3154
166686,539066,1425.6343
166686,539056,1424.9378
166686,539046,1424.2109
166686,539036,1425.3150
166686,539026,1425.6713
166686,539016,1424.8530
166686,539006,1424.3854
166686,538996,1424.3603
166686,538986,1424.3047
166686,538976,1424.6764
166686,538966,1424.1326
166686,538956,1423.9244
166686,538946,1423.4111
166686,538936,1423.0809
166686,538926,1422.6286
166686,538916,1422.1764
166686,538906,1421.6783
166686,538896,1420.8142
166686,538886,1420.2093
166686,538876,1419.1161
166686,538866,1416.9549
166686,538856,1414.8242
166686,538846,1410.1301
166686,538836,1403.8340
166686,538826,1401.5660
166686,538816,1393.8203
166686,538806,1389.0347
166686,538796,1382.7232
166686,538786,1378.6396
166686,538776,1367.1098
166686,538766,1361.9885
166686,538756,1354.8837
166686,538746,1345.7494
166686,538736,1335.4555
166686,538726,1324.7346
166686,538716,1318.8503
166686,538706,1309.3957
166686,538696,1298.4611
166686,538686,1290.3339
166686,538676,1282.5271
166686,538666,1273.1030
166686,538656,1261.9090
166686,538646,1249.1890
166686,538636,1241.7181
166686,538626,1234.8421
166686,538616,1223.3580
166686,538606,1217.1534
166686,538596,1203.5028
166686,538586,1196.3521
166686,538576,1186.8365
166686,538566,1176.4969
166686,538556,NaN
166686,538546,NaN
166686,538536,1146.9581
166686,538526,NaN
166686,538516,NaN
166686,538506,NaN
166686,538496,NaN
166686,538486,NaN
166686,538476,NaN
166686,538466,NaN
166686,538456,NaN
166686,538446,NaN
166686,538436,NaN
166686,538426,NaN
166686,538416,NaN
166686,538406,NaN
166686,538396,NaN
166686,538386,NaN
166686,538376,NaN
166686,538366,NaN
166686,538356,NaN
166686,538346,NaN
166686,538336,NaN
166686,538326,NaN
166686,538316,NaN
166686,538306,NaN
166686,538296,NaN
166686,538286,NaN
166686,538276,NaN
166686,538266,NaN
166686,538256,NaN
166686,538246,NaN
166686,538236,NaN
166686,538226,NaN
166686,538216,NaN
166686,538206,NaN
166686,538196,NaN
166686,538186,NaN
166686,538176,NaN
166686,538166,NaN
166686,538156,NaN
166686,538146,NaN
166686,538136,NaN
166686,538126,NaN
166686,538116,NaN
166686,538106,NaN
166686,538096,NaN
166686,538086,NaN
166686,538076,NaN
166686,538066,NaN
166686,538056,NaN
166686,538046,NaN
166686,538036,NaN
166686,538026,NaN
166686,538016,NaN
166686,538006,NaN
166686,537996,NaN
166686,537986,NaN
166686,537976,NaN
166686,537966,NaN
166686,537956,NaN
166686,537946,NaN
166686,537936,NaN
166686,537926,NaN
166686,537916,NaN
166686,537906,NaN
166686,537896,NaN
166686,537886,NaN
166686,537876,NaN
166686,537866,NaN
166686,537856,NaN
166686,537846,NaN
166686,537836,NaN
166686,537826,NaN
166686,537816,NaN
166686,537806,NaN
166686,537796,NaN
166686,537786,NaN
166686,537776,NaN
166686,537766,NaN
166686,537756,NaN
166686,537746,NaN
166686,537736,NaN
166686,537726,NaN
166686,537716,NaN
166686,537706,NaN
166686,537696,NaN
166686,537686,NaN
166686,537676,NaN
166686,537666,NaN
166686,537656,NaN
166686,537646,NaN
166686,537636,NaN
166686,537626,NaN
166686,537616,NaN
166686,537606,NaN
166686,537596,NaN
166686,537586,NaN
166686,537576,NaN
166686,537566,NaN
166686,537556,NaN
166686,537546,NaN
166686,537536,NaN
166686,537526,NaN
166686,537516,NaN
166686,537506,NaN
166686,537496,NaN
166686,537486,NaN
166686,537476,NaN
166686,537466,NaN
166686,537456,NaN
166686,537446,NaN
166686,537436,NaN
166686,537426,NaN
166686,537416,NaN
166686,537406,NaN
166686,537396,NaN
166686,537386,NaN
166686,537376,NaN
166686,537366,NaN
166686,537356,NaN
166686,537346,NaN
166686,537336,NaN
166686,537326,NaN
166686,537316,NaN
166686,537306,NaN
166686,537296,NaN
166686,537286,NaN
166686,537276,NaN
166686,537266,NaN
166686,537256,NaN
166686,537246,NaN
166686,537236,NaN
166686,537226,NaN
166686,537216,NaN
166686,537206,NaN
166686,537196,NaN
166686,537186,NaN
166686,537176,NaN
166686,537166,NaN
166686,537156,NaN
166686,537146,NaN
166686,537136,NaN
166686,537126,NaN
166686,537116,NaN
166686,537106,NaN
166686,537096,NaN
166686,537086,NaN
166686,537076,NaN
166686,537066,NaN
166686,537056,NaN
166686,537046,NaN
166686,537036,NaN
166686,537026,NaN
166686,537016,NaN
166686,537006,NaN
166686,536996,NaN
166686,536986,NaN
166686,536976,NaN
166686,536966,NaN
166686,536956,NaN
166686,536946,NaN
166686,536936,NaN
166686,536926,NaN
166686,536916,NaN
166686,536906,NaN
166686,536896,NaN
166686,536886,NaN
166686,536876,NaN
166686,536866,NaN
166686,536856,NaN
166686,536846,NaN
166686,536836,NaN
166686,536826,NaN
166686,536816,NaN
166686,536806,NaN
166686,536796,NaN
166686,536786,NaN
166686,536776,NaN
166686,536766,NaN
166686,536756,NaN
166686,536746,NaN
166686,536736,NaN
166686,536726,NaN
166686,536716,NaN
166686,536706,NaN
166686,536696,NaN
166686,536686,NaN
166686,536676,NaN
166686,536666,NaN
166686,536656,NaN
166686,536646,NaN
166686,536636,NaN
166686,536626,NaN
166686,536616,NaN
166686,536606,NaN
166686,536596,NaN
166686,536586,NaN
166686,536576,NaN
166686,536566,NaN
166686,536556,NaN
166686,536546,NaN
166686,536536,NaN
166686,536526,NaN
166686,536516,NaN
166686,536506,NaN
166686,536496,NaN
166686,536486,NaN
166686,536476,NaN
166686,536466,NaN
166686,536456,NaN
166686,536446,NaN
166686,536436,NaN
166686,536426,NaN
166686,536416,NaN
166686,536406,NaN
166686,536396,NaN
166686,536386,NaN
166686,536376,NaN
166686,536366,NaN
166686,536356,NaN
166686,536346,NaN
166686,536336,NaN
166686,536326,NaN
166686,536316,NaN
166686,536306,NaN
166686,536296,NaN
166686,536286,NaN
166686,536276,NaN
166686,536266,NaN
166686,536256,NaN
166686,536246,NaN
166686,536236,NaN
166686,536226,NaN
166686,536216,NaN
166686,536206,NaN
166686,536196,NaN
166686,536186,NaN
166686,536176,NaN
166686,536166,NaN
166686,536156,NaN
166686,536146,NaN
166686,536136,NaN
166686,536126,NaN
166686,536116,NaN
166686,536106,NaN
166686,536096,NaN
166686,536086,NaN
166686,536076,NaN
166686,536066,NaN
166686,536056,NaN
166686,536046,NaN
166686,536036,NaN
166686,536026,NaN
166686,536016,NaN
166686,536006,NaN
166686,535996,NaN
166686,535986,NaN
166686,535976,NaN
166686,535966,NaN
166686,535956,NaN
166686,535946,NaN
166686,535936,NaN
166686,535926,NaN
166686,535916,NaN
166686,535906,NaN
166686,535896,NaN
166686,535886,NaN
166686,535876,NaN
166686,535866,NaN
166686,535856,NaN
166686,535846,NaN
166686,535836,NaN
166686,535826,NaN
166686,535816,NaN
166686,535806,NaN
166686,535796,NaN
166686,535786,NaN
166686,535776,NaN
166686,535766,NaN
166686,535756,NaN
166686,535746,NaN
166686,535736,NaN
166686,535726,NaN
166686,535716,NaN
166686,535706,NaN
166686,535696,NaN
166686,535686,NaN
166686,535676,NaN
166686,535666,NaN
166686,535656,NaN
166686,535646,NaN
166686,535636,NaN
166686,535626,NaN
166686,535616,NaN
166686,535606,NaN
166686,535596,NaN
166686,535586,NaN
166686,535576,NaN
166686,535566,NaN
166686,535556,NaN
166686,535546,NaN
166686,535536,NaN
166686,535526,NaN
166686,535516,NaN
166686,535506,NaN
166686,535496,NaN
166686,535486,NaN
166686,535476,NaN
166686,535466,NaN
166686,535456,NaN
166686,535446,NaN
166686,535436,NaN
166686,535426,NaN
166686,535416,NaN
166686,535406,NaN
166686,535396,NaN
166686,535386,NaN
166686,535376,NaN
166686,535366,NaN
166686,535356,NaN
166686,535346,NaN
166686,535336,NaN
166686,535326,NaN
166686,535316,NaN
166686,535306,NaN
166686,535296,NaN
166686,535286,NaN
166686,535276,NaN
166686,535266,NaN
166686,535256,NaN
166686,535246,NaN
166686,535236,NaN
166686,535226,NaN
166686,535216,NaN
166686,535206,NaN
166686,535196,NaN
166686,535186,NaN
166686,535176,NaN
166686,535166,NaN
166686,535156,NaN
166686,535146,NaN
166686,535136,NaN
166686,535126,NaN
166686,535116,NaN
166686,535106,NaN
166686,535096,NaN
166686,535086,NaN
166686,535076,NaN
166686,535066,NaN
166686,535056,NaN
166686,535046,NaN
166686,535036,NaN
166686,535026,NaN
166686,535016,NaN
166686,535006,NaN
166686,534996,NaN
166686,534986,NaN
166686,534976,NaN
166686,534966,NaN
166686,534956,NaN
166686,534946,NaN
166686,534936,NaN
166686,534926,NaN
166686,534916,NaN
166686,534906,NaN
166686,534896,NaN
166686,534886,NaN
166686,534876,NaN
166686,534866,NaN
166686,534856,NaN
166686,534846,NaN
166686,534836,NaN
166686,534826,NaN
166686,534816,NaN
166686,534806,NaN
166686,534796,NaN
166686,534786,NaN
166686,534776,NaN
166686,534766,NaN
166686,534756,NaN
166686,534746,NaN
166686,534736,NaN
166686,534726,NaN
166686,534716,NaN
166686,534706,NaN
166686,534696,NaN
166686,534686,NaN
166686,534676,NaN
166686,534666,NaN
166686,534656,NaN
166686,534646,NaN
166686,534636,NaN
166686,534626,NaN
166686,534616,NaN
166686,534606,NaN
166686,534596,NaN
166686,534586,NaN
166686,534576,NaN
166686,534566,NaN
166686,534556,NaN
166686,534546,NaN
166686,534536,NaN
166686,534526,NaN
166686,534516,NaN
166686,534506,NaN
166686,534496,NaN
166686,534486,NaN
166686,534476,NaN
166686,534466,NaN
166686,534456,NaN
166686,534446,NaN
166686,534436,NaN
166686,534426,NaN
166686,534416,NaN
166686,534406,NaN
166686,534396,NaN
166686,534386,NaN
166686,534376,NaN
166686,534366,NaN
166686,534356,NaN
166686,534346,NaN
166686,534336,NaN
166686,534326,NaN
166686,534316,NaN
166686,534306,NaN
166686,534296,NaN
166686,534286,NaN
166686,534276,NaN
166686,534266,NaN
166686,534256,NaN
166686,534246,NaN
166686,534236,NaN
166686,534226,NaN
166686,534216,NaN
166686,534206,NaN
166686,534196,NaN
166686,534186,NaN
166686,534176,NaN
166686,534166,NaN
166686,534156,NaN
166686,534146,NaN
166686,534136,NaN
166686,534126,NaN
166686,534116,NaN
166686,534106,NaN
166686,534096,NaN
166686,534086,NaN
166686,534076,NaN
166686,534066,NaN
166686,534056,NaN
166686,534046,NaN
166686,534036,NaN
166686,534026,NaN
166686,534016,NaN
166686,534006,NaN
166686,533996,NaN
166686,533986,NaN
166686,533976,NaN
166686,533966,NaN
166686,533956,NaN
166686,533946,NaN
166686,533936,NaN
166686,533926,NaN
166686,533916,NaN
166686,533906,NaN
166686,533896,NaN
166686,533886,NaN
166686,533876,NaN
166686,533866,NaN
166686,533856,NaN
166686,533846,NaN
166686,533836,NaN
166686,533826,NaN
166686,533816,NaN
166686,533806,NaN
166686,533796,NaN
166686,533786,NaN
166686,533776,NaN
166686,533766,NaN
166686,533756,NaN
166686,533746,NaN
166686,533736,NaN
166686,533726,NaN
166686,533716,NaN
166686,533706,NaN
166686,533696,NaN
166686,533686,NaN
166686,533676,NaN
166686,533666,NaN
166686,533656,NaN
166686,533646,NaN
166686,533636,NaN
166686,533626,NaN
166686,533616,NaN
166686,533606,NaN
166686,533596,NaN
166686,533586,NaN
166686,533576,NaN
166686,533566,NaN
166686,533556,NaN
166686,533546,NaN
166686,533536,NaN
166686,533526,NaN
166686,533516,NaN
166686,533506,NaN
166686,533496,NaN
166686,533486,NaN
166686,533476,NaN
166686,533466,NaN
166686,533456,NaN
166686,533446,NaN
166686,533436,NaN
166686,533426,NaN
166686,533416,NaN
166686,533406,NaN
166686,533396,NaN
166686,533386,NaN
166686,533376,NaN
166686,533366,NaN
166686,533356,NaN
166686,533346,NaN
166686,533336,NaN
166686,533326,NaN
166686,533316,NaN
166686,533306,NaN
166686,533296,NaN
166686,533286,NaN
166686,533276,NaN
166686,533266,NaN
166686,533256,NaN
166686,533246,NaN
166686,533236,NaN
166686,533226,NaN
166686,533216,NaN
166686,533206,NaN
166686,533196,NaN
166686,533186,NaN
166686,533176,NaN
166686,533166,NaN
166686,533156,NaN
166686,533146,NaN
166686,533136,NaN
166686,533126,NaN
166686,533116,NaN
166686,533106,NaN
166686,533096,NaN
166686,533086,NaN
166686,533076,NaN
166686,533066,NaN
166686,533056,NaN
166686,533046,NaN
166686,533036,NaN
166686,533026,NaN
166686,533016,NaN
166686,533006,NaN
166686,532996,NaN
166686,532986,NaN
166686,532976,NaN
166686,532966,NaN
166686,532956,NaN
166686,532946,NaN
166686,532936,NaN
166686,532926,NaN
166686,532916,NaN
166686,532906,NaN
166686,532896,NaN
166686,532886,NaN
166686,532876,NaN
166686,532866,NaN
166686,532856,NaN
166686,532846,NaN
166686,532836,NaN
166686,532826,NaN
166686,532816,NaN
166686,532806,NaN
166686,532796,NaN
166686,532786,NaN
166686,532776,NaN
166686,532766,NaN
166686,532756,NaN
166686,532746,NaN
166686,532736,NaN
166686,532726,NaN
166686,532716,NaN
166686,532706,NaN
166686,532696,NaN
166686,532686,NaN
166686,532676,NaN
166686,532666,NaN
166686,532656,NaN
166686,532646,NaN
166686,532636,NaN
166686,532626,NaN
166686,532616,NaN
166686,532606,NaN
166686,532596,NaN
166686,532586,NaN
166686,532576,NaN
166686,532566,NaN
166686,532556,NaN
166686,532546,NaN
166686,532536,NaN
166686,532526,NaN
166686,532516,NaN
166686,532506,NaN
166686,532496,NaN
166686,532486,NaN
166686,532476,NaN
166686,532466,NaN
166686,532456,NaN
166686,532446,NaN
166686,532436,NaN
166686,532426,NaN
166686,532416,NaN
166686,532406,NaN
166686,532396,NaN
166686,532386,NaN
166686,532376,NaN
166686,532366,NaN
166686,532356,NaN
166686,532346,NaN
166686,532336,NaN
166686,532326,NaN
166686,532316,NaN
166686,532306,NaN
166686,532296,NaN
166686,532286,NaN
166686,532276,NaN
166686,532266,NaN
166686,532256,NaN
166686,532246,NaN
166686,532236,NaN
166686,532226,NaN
166686,532216,NaN
166686,532206,NaN
166686,532196,NaN
166686,532186,NaN
166686,532176,NaN
166686,532166,NaN
166686,532156,NaN
166686,532146,NaN
166686,532136,NaN
166686,532126,NaN
166686,532116,NaN
166686,532106,NaN
166686,532096,NaN
166686,532086,NaN
166686,532076,NaN
166686,532066,NaN
166686,532056,NaN
166686,532046,NaN
166686,532036,NaN
166686,532026,NaN
166686,532016,NaN
166686,532006,NaN
166686,531996,NaN
166686,531986,NaN
166686,531976,NaN
166686,531966,NaN
166686,531956,NaN
166686,531946,NaN
166686,531936,NaN
166686,531926,NaN
166686,531916,NaN
166686,531906,NaN
166686,531896,NaN
166686,531886,NaN
166686,531876,NaN
166686,531866,NaN
166686,531856,NaN
166686,531846,NaN
166686,531836,NaN
166686,531826,NaN
166686,531816,NaN
166686,531806,NaN
166686,531796,NaN
166686,531786,NaN
166686,531776,NaN
166686,531766,NaN
166686,531756,NaN
166686,531746,NaN
166686,531736,NaN
166686,531726,NaN
166686,531716,NaN
166686,531706,NaN
166686,531696,NaN
166686,531686,NaN
166686,531676,NaN
166686,531666,NaN
166686,531656,NaN
166686,531646,NaN
166686,531636,NaN
166686,531626,NaN
166686,531616,NaN
166686,531606,NaN
166686,531596,NaN
166686,531586,NaN
166686,531576,NaN
166686,531566,NaN
166686,531556,NaN
166686,531546,NaN
166686,531536,NaN
166686,531526,NaN
166686,531516,NaN
166686,531506,NaN
166686,531496,NaN
166686,531486,NaN
166686,531476,NaN
166686,531466,NaN
166686,531456,NaN
166686,531446,NaN
166686,531436,NaN
166686,531426,NaN
166686,531416,NaN
166686,531406,NaN
166686,531396,NaN
166686,531386,NaN
166686,531376,NaN
166686,531366,NaN
166686,531356,NaN
166686,531346,NaN
166686,531336,NaN
166686,531326,NaN
166686,531316,NaN
166686,531306,NaN
166686,531296,NaN
166686,531286,NaN
166686,531276,NaN
166686,531266,NaN
166686,531256,NaN
166686,531246,NaN
166686,531236,NaN
166686,531226,NaN
166686,531216,NaN
166686,531206,NaN
166686,531196,NaN
166686,531186,NaN
166686,531176,NaN
166686,531166,NaN
166686,531156,NaN
166686,531146,NaN
166686,531136,NaN
166686,531126,NaN
166686,531116,NaN
166686,531106,NaN
166686,531096,NaN
166686,531086,NaN
166686,531076,NaN
166686,531066,NaN
166686,531056,NaN
166686,531046,NaN
166686,531036,NaN
166686,531026,NaN
166686,531016,NaN
166686,531006,NaN
166686,530996,NaN
166686,530986,NaN
166686,530976,NaN
166686,530966,NaN
166686,530956,NaN
166686,530946,NaN
166686,530936,NaN
166686,530926,NaN
166686,530916,NaN
166686,530906,NaN
166686,530896,NaN
166686,530886,NaN
166686,530876,NaN
166686,530866,NaN
166686,530856,NaN
166686,530846,NaN
166686,530836,NaN
166686,530826,NaN
166686,530816,NaN
166686,530806,NaN
166686,530796,NaN
166686,530786,NaN
166686,530776,NaN
166686,530766,NaN
166686,530756,NaN
166686,530746,NaN
166686,530736,NaN
166686,530726,NaN
166686,530716,NaN
166686,530706,NaN
166686,530696,NaN
166686,530686,NaN
166686,530676,NaN
166686,530666,NaN
166686,530656,NaN
166686,530646,NaN
166686,530636,NaN
166686,530626,NaN
166686,530616,NaN
166686,530606,NaN
166686,530596,NaN
166686,530586,NaN
166686,530576,NaN
166686,530566,NaN
166686,530556,NaN
166686,530546,NaN
166686,530536,NaN
166686,530526,NaN
166686,530516,NaN
166686,530506,NaN
166686,530496,NaN
166686,530486,NaN
166686,530476,NaN
166686,530466,NaN
166686,530456,NaN
166686,530446,NaN
166686,530436,1496.2106
166686,530426,1497.1316
166686,530416,1496.7098
166686,530406,1494.8232
166686,530396,1495.9731
166686,530386,1496.6193
166686,530376,1495.2669
166686,530366,NaN
166686,530356,NaN
166686,530346,NaN
166686,530336,1492.4965
166686,530326,NaN
166686,530316,NaN
166686,530306,1489.9038
166686,530296,1490.4127
166686,530286,NaN
166686,530276,NaN
166686,530266,1492.5807
166686,530256,1492.4334
166686,530246,1493.2629
166686,530236,1493.1005
166686,530226,NaN
166686,530216,NaN
166686,530206,NaN
166686,530196,1491.2304
166686,530186,1488.9319
166686,530176,1490.8599
166686,530166,1493.5355
166686,530156,1492.0763
166686,530146,1489.6861
166686,530136,1490.2409
166686,530126,1490.2006
166686,530116,1490.5418
166686,530106,1491.4322
166686,530096,1492.3990
166686,530086,1491.9925
166686,530076,1491.6623
166686,530066,1490.1266
166686,530056,1489.5980
166686,530046,1491.0378
166686,530036,1491.7299
166686,530026,1492.0558
166686,530016,1491.5272
166686,530006,NaN
166686,529996,NaN
166686,529986,1482.5261
166686,529976,NaN
166686,529966,1487.8469
166686,529956,1487.3335
166686,529946,1489.0937
166686,529936,1489.6942
166686,529926,1489.0894
166686,529916,1487.1724
166686,529906,1487.2236
166686,529896,NaN
166686,529886,1484.7779
166686,529876,1483.3796
166686,529866,1483.1257
166686,529856,1486.3659
166686,529846,1487.1038
166686,529836,1487.6281
166686,529826,NaN
166686,529816,NaN
166686,529806,NaN
166686,529796,1483.2098
166686,529786,1485.8092
166686,529776,1485.9062
166686,529766,1485.1946
166686,529756,1482.7129
166686,529746,1481.2841
166686,529736,1482.7543
166686,529726,1485.4605
166686,529716,NaN
166686,529706,1477.9186
166686,529696,NaN
166686,529686,NaN
166686,529676,1483.3822
166686,529666,1483.2656
166686,529656,1483.6526
166686,529646,1483.5207
166686,529636,1486.6389
166686,529626,1485.3016
166686,529616,1483.5067
166686,529606,1483.5427
166686,529596,1483.5329
166686,529586,NaN
166686,529576,NaN
166686,529566,1478.6514
166686,529556,1475.3306
166686,529546,NaN
166686,529536,NaN
166686,529526,1482.6862
166686,529516,1482.5391
166686,529506,1483.3533
166686,529496,1483.3893
166686,529486,NaN
166686,529476,NaN
166686,529466,1481.4831
166686,529456,1481.3970
166686,529446,1481.2042
166686,529436,1478.0359
166686,529426,1474.6999
166686,529416,NaN
166686,529406,1471.9490
166686,529396,1472.0002
166686,529386,1472.6161
166686,529376,1473.3998
166686,529366,NaN
166686,529356,NaN
166686,529346,1477.7495
166686,529336,NaN
166686,529326,NaN
166686,529316,NaN
166686,529306,NaN
166686,529296,NaN
166686,529286,NaN
166686,529276,1475.7127
166686,529266,1473.9786
166686,529256,1473.5721
166686,529246,1474.2948
166686,529236,NaN
166686,529226,NaN
166686,529216,1475.3335
166686,529206,1475.3084
166686,529196,1473.6356
166686,529186,1472.6034
166686,529176,1471.3882
166686,529166,1471.3022
166686,529156,NaN
166686,529146,NaN
166686,529136,NaN
166686,529126,NaN
166686,529116,NaN
166686,529106,NaN
166686,529096,1469.0670
166686,529086,1470.4763
166686,529076,1472.6484
166686,529066,1471.9825
166686,529056,1472.0337
166686,529046,1471.9324
166686,529036,1472.5481
166686,529026,1471.4093
166686,529016,1471.2622
166686,529006,1470.9778
166686,528996,1468.9538
166686,528986,1470.1343
166686,528976,NaN
166686,528966,1469.3213
166686,528956,1469.2962
166686,528946,1469.4694
166686,528936,1469.4749
166686,528926,1468.3056
166686,528916,1467.6092
166686,528906,1466.6839
166686,528896,1463.1647
166686,528886,1468.3884
166686,528876,1467.9056
166686,528866,1467.5449
166686,528856,1467.2147
166686,528846,NaN
166686,528836,NaN
166686,528826,1462.6231
166686,528816,1465.1767
166686,528806,1469.1036
166686,528796,1470.9705
166686,528786,1468.6873
166686,528776,NaN
166686,528766,NaN
166686,528756,1466.2625
166686,528746,1467.6106
166686,528736,1468.7147
166686,528726,NaN
166686,528716,NaN
166686,528706,NaN
166686,528696,NaN
166686,528686,1462.7608
166686,528676,1466.5351
166686,528666,1466.6016
166686,528656,1467.5988
166686,528646,1468.2146
166686,528636,1467.8997
166686,528626,1466.3488
166686,528616,1467.3918
166686,528606,1466.0851
166686,528596,NaN
166686,528586,NaN
166686,528576,1466.3152
166686,528566,1465.5577
166686,528556,1464.8918
166686,528546,1465.1872
166686,528536,NaN
166686,528526,1464.5878
166686,528516,1463.4641
166686,528506,1463.7138
166686,528496,1462.9105
166686,528486,1462.0463
166686,528476,1462.1586
166686,528466,1462.9575
166686,528456,1461.6050
166686,528446,1461.0459
166686,528436,1461.1124
166686,528426,1465.0698
166686,528416,1461.1996
166686,528406,NaN
166686,528396,1459.0744
166686,528386,1460.0259
166686,528376,1461.2825
166686,528366,1461.9288
166686,528356,1463.9026
166686,528346,1462.0161
166686,528336,1461.5180
166686,528326,NaN
166686,528316,1462.2308
166686,528306,1462.8161
166686,528296,1461.8298
166686,528286,1460.5536
166686,528276,1461.2914
166686,528266,1462.0751
166686,528256,1462.5231
166686,528246,1460.9417
166686,528236,1459.5586
166686,528226,1458.4198
166686,528216,NaN
166686,528206,NaN
166686,528196,1451.3259
166686,528186,1453.6506
166686,528176,NaN
166686,528166,1455.5993
166686,528156,1455.5743
166686,528146,1455.2898
166686,528136,1456.2260
166686,528126,1455.7127
166686,528116,1454.7417
166686,528106,1454.3505
166686,528096,NaN
166686,528086,NaN
166686,528076,1453.7108
166686,528066,1453.1364
166686,528056,1453.4317
166686,528046,1454.1696
166686,528036,1453.2291
166686,528026,1452.2276
166686,528016,NaN
166686,528006,NaN
166686,527996,NaN
166686,527986,NaN
166686,527976,1447.6163
166686,527966,1448.6594
166686,527956,1452.1590
166686,527946,1453.2783
166686,527936,1453.2533
166686,527926,1452.4806
166686,527916,1452.0588
166686,527906,1450.9963
166686,527896,NaN
166686,527886,1451.9379
166686,527876,NaN
166686,527866,1448.6378
166686,527856,1446.4004
166686,527846,1446.5585
166686,527836,1446.4113
166686,527826,NaN
166686,527816,NaN
166686,527806,1444.0627
166686,527796,1444.2818
166686,527786,NaN
166686,527776,1443.2247
166686,527766,1444.4965
166686,527756,NaN
166686,527746,NaN
166686,527736,NaN
166686,527726,NaN
166686,527716,NaN
166686,527706,NaN
166686,527696,NaN
166686,527686,NaN
166686,527676,NaN
166686,527666,NaN
166686,527656,NaN
166686,527646,1442.3956
166686,527636,1442.8741
166686,527626,1443.0931
166686,527616,1442.9612
166686,527606,1442.7226
166686,527596,1442.7128
166686,527586,1441.8027
166686,527576,1440.6487
166686,527566,1440.7914
166686,527556,1441.5140
166686,527546,1441.6416
166686,527536,1440.6552
166686,527526,NaN
166686,527516,1441.4139
166686,527506,1441.2820
166686,527496,NaN
166686,527486,NaN
166686,527476,NaN
166686,527466,1438.9541
166686,527456,1438.5476
166686,527446,1438.7667
166686,527436,1437.2158
166686,527426,NaN
166686,527416,NaN
166686,527406,NaN
166686,527396,NaN
166686,527386,NaN
166686,527376,NaN
166686,527366,NaN
166686,527356,NaN
166686,527346,1439.9048
166686,527336,1439.7881
166686,527326,1438.8934
166686,527316,1439.5702
166686,527306,1440.2165
166686,527296,1439.6727
166686,527286,1440.1970
166686,527276,1439.3022
166686,527266,1438.7126
166686,527256,NaN
166686,527246,1436.0229
166686,527236,1432.4274
166686,527226,NaN
166686,527216,NaN
166686,527206,NaN
166686,527196,NaN
166686,527186,NaN
166686,527176,NaN
166686,527166,1437.0127
166686,527156,NaN
166686,527146,NaN
166686,527136,NaN
166686,527126,NaN
166686,527116,1434.1104
166686,527106,1433.5513
166686,527096,1433.3889
166686,527086,1433.2418
166686,527076,1433.5067
166686,527066,1434.1378
166686,527056,1434.4331
166686,527046,1434.0419
166686,527036,1432.9946
166686,527026,NaN
166686,527016,NaN
166686,527006,NaN
166686,526996,NaN
166686,526986,1436.6839
166686,526976,1436.9488
166686,526966,1435.8556
166686,526956,1434.2284
166686,526946,1432.2656
166686,526936,1429.8909
166686,526926,1429.4233
166686,526916,1429.5813
166686,526906,1428.4120
166686,526896,1429.0124
166686,526886,NaN
166686,526876,1425.3614
166686,526866,1424.2836
166686,526856,1422.2902
166686,526846,1421.4717
166686,526836,NaN
166686,526826,NaN
166686,526816,NaN
166686,526806,NaN
166686,526796,NaN
166686,526786,NaN
166686,526776,NaN
166686,526766,1426.8559
166686,526756,NaN
166686,526746,NaN
166686,526736,1424.4004
166686,526726,NaN
166686,526716,1420.3832
166686,526706,NaN
166686,526696,NaN
166686,526686,NaN
166686,526676,NaN
166686,526666,NaN
166686,526656,1421.8503
166686,526646,1421.0929
166686,526636,NaN
166686,526626,1425.3151
166686,526616,NaN
166686,526606,1420.0467
166686,526596,1419.3960
166686,526586,1419.0811
166686,526576,NaN
166686,526566,NaN
166686,526556,1425.8875
166686,526546,1425.2368
166686,526536,NaN
166686,526526,NaN
166686,526516,NaN
166686,526506,NaN
166686,526496,1424.1809
166686,526486,1423.4387
166686,526476,1422.0556
166686,526466,NaN
166686,526456,1423.2110
166686,526446,1421.0192
166686,526436,1419.1175
166686,526426,1419.3366
166686,526416,1420.1049
166686,526406,1421.0716
166686,526396,NaN
166686,526386,NaN
166686,526376,1415.3967
166686,526366,NaN
166686,526356,NaN
166686,526346,NaN
166686,526336,NaN
166686,526326,NaN
166686,526316,NaN
166686,526306,NaN
166686,526296,NaN
166686,526286,NaN
166686,526276,1409.7601
166686,526266,NaN
166686,526256,1412.0140
166686,526246,NaN
166686,526236,NaN
166686,526226,NaN
166686,526216,NaN
166686,526206,NaN
166686,526196,1412.1537
166686,526186,1414.9820
166686,526176,NaN
166686,526166,NaN
166686,526156,1412.1603
166686,526146,1410.6553
166686,526136,1410.6148
166686,526126,NaN
166686,526116,NaN
166686,526106,1408.9377
166686,526096,1409.7213
166686,526086,NaN
166686,526076,NaN
166686,526066,NaN
166686,526056,NaN
166686,526046,NaN
166686,526036,NaN
166686,526026,NaN
166686,526016,NaN
166686,526006,NaN
166686,525996,NaN
166686,525986,1401.4658
166686,525976,NaN
166686,525966,NaN
166686,525956,NaN
166686,525946,NaN
166686,525936,NaN
166686,525926,NaN
166686,525916,1401.2599
166686,525906,1402.0894
166686,525896,1401.1183
166686,525886,1401.3221
166686,525876,NaN
166686,525866,NaN
166686,525856,NaN
166686,525846,NaN
166686,525836,1399.9457
166686,525826,NaN
166686,525816,1402.4132
166686,525806,NaN
166686,525796,NaN
166686,525786,NaN
166686,525776,NaN
166686,525766,NaN
166686,525756,NaN
166686,525746,NaN
166686,525736,NaN
166686,525726,NaN
166686,525716,NaN
166686,525706,NaN
166686,525696,NaN
166686,525686,NaN
166686,525676,NaN
166686,525666,NaN
166686,525656,NaN
166686,525646,NaN
166686,525636,NaN
166686,525626,NaN
166686,525616,NaN
166686,525606,NaN
166686,525596,NaN
166686,525586,NaN
166686,525576,NaN
166686,525566,NaN
166686,525556,1395.2010
166686,525546,NaN
166686,525536,NaN
166686,525526,NaN
166686,525516,NaN
166686,525506,1393.3212
166686,525496,NaN
166686,525486,NaN
166686,525476,NaN
166686,525466,NaN
166686,525456,NaN
166686,525446,NaN
166686,525436,NaN
166686,525426,NaN
166686,525416,NaN
166686,525406,NaN
166686,525396,NaN
166686,525386,NaN
166686,525376,NaN
166686,525366,NaN
166686,525356,1311.6801
166686,525346,NaN
166686,525336,NaN
166686,525326,NaN
166686,525316,NaN
166686,525306,NaN
166686,525296,NaN
166686,525286,NaN
166686,525276,NaN
166686,525266,NaN
166686,525256,NaN
166686,525246,NaN
166686,525236,NaN
166686,525226,NaN
166686,525216,NaN
166686,525206,NaN
166686,525196,NaN
166686,525186,NaN
166686,525176,NaN
166686,525166,NaN
166686,525156,NaN
166686,525146,NaN
166686,525136,NaN
166686,525126,NaN
166686,525116,NaN
166686,525106,NaN
166686,525096,NaN
166686,525086,NaN
166686,525076,NaN
166686,525066,NaN
166686,525056,NaN
166686,525046,NaN
166686,525036,NaN
166686,525026,NaN
166686,525016,NaN
166686,525006,NaN
166686,524996,NaN
166686,524986,NaN
166686,524976,NaN
166686,524966,NaN
166686,524956,NaN
166686,524946,NaN
166686,524936,NaN
166686,524926,-29.8928
166686,524916,-31.0775
166686,524906,NaN
166686,524896,NaN
166686,524886,NaN
166686,524876,-30.0333
166686,524866,-30.9433
166686,524856,-30.5716
166686,524846,-29.5286
166686,524836,-29.8741
166686,524826,-31.2418
166686,524816,-32.0145
166686,524806,-33.0619
166686,524796,-33.6820
166686,524786,-34.1190
166686,524776,-34.2356
166686,524766,-34.4743
166686,524756,-34.3773
166686,524746,-34.1582
166686,524736,-34.8851
166686,524726,-35.0322
166686,524716,-35.1488
166686,524706,-35.2654
166686,524696,-35.5956
166686,524686,-36.2767
166686,524676,-36.2408
166686,524666,-35.5792
166686,524656,-35.9704
166686,524646,-37.0635
166686,524636,-37.3938
166686,524626,-36.7932
166686,524616,-37.7490
166686,524606,-37.4231
166686,524596,-37.2193
166686,524586,-37.5037
166686,524576,-38.4900
166686,524566,-39.0949
166686,524556,NaN
166686,524546,-36.8715
166686,524536,-38.5902
166686,524526,NaN
166686,524516,NaN
166686,524506,NaN
166686,524496,-42.0167
166686,524486,-41.6450
166686,524476,-41.5633
166686,524466,-41.2679
166686,524456,-41.4608
166686,524446,-41.6079
166686,524436,-41.8313
166686,524426,-42.4056
166686,524416,-42.0187
166686,524406,-41.7691
166686,524396,-41.8247
166686,524386,-42.2464
166686,524376,-43.5379
166686,524366,-43.5629
166686,524356,-44.6561
166686,524346,-45.7339
166686,524336,-45.8963
166686,524326,-45.5094
166686,524316,-45.8243
166686,524306,-46.8411
166686,524296,-46.7899
166686,524286,-48.6154
166686,524276,-49.5407
166686,524266,-48.3451
166686,524256,-49.4382
166686,524246,-52.4996
166686,524236,-50.8768
166686,524226,-50.8103
166686,524216,-51.6135
166686,524206,-52.8287
166686,524196,-52.9758
166686,524186,-53.1687
166686,524176,-54.2313
166686,524166,-54.1190
166686,524156,-54.5255
166686,524146,-55.3897
166686,524136,-55.4453
166686,524126,-54.9974
166686,524116,-55.7395
166686,524106,-57.2751
166686,524096,-58.2309
166686,524086,-59.3088
166686,524076,-59.9899
166686,524066,-59.9997
166686,524056,-59.8264
166686,524046,-59.4700
166686,524036,-59.0678
166686,524026,NaN
166686,524016,-65.0534
166686,524006,-62.8049
166686,523996,-60.3581
166686,523986,-60.9477
166686,523976,-61.6442
166686,523966,-63.3781
166686,523956,-63.9525
166686,523946,-63.5045
166686,523936,-62.8734
166686,523926,-64.4243
166686,523916,NaN
166686,523906,NaN
166686,523896,-79.7424
166686,523886,NaN
166686,523876,NaN
166686,523866,NaN
166686,523856,NaN
166686,523846,NaN
166686,523836,NaN
166686,523826,NaN
166686,523816,NaN
166686,523806,NaN
166686,523796,NaN
166686,523786,NaN
166686,523776,NaN
166686,523766,NaN
166686,523756,NaN
166686,523746,NaN
166686,523736,NaN
166686,523726,NaN
166686,523716,NaN
166686,523706,NaN
166686,523696,NaN
166686,523686,NaN
166686,523676,NaN
166686,523666,NaN
166686,523656,NaN
166686,523646,NaN
166686,523636,NaN
166686,523626,NaN
166686,523616,NaN
166686,523606,NaN
166686,523596,NaN
166686,523586,NaN
166686,523576,NaN
166686,523566,NaN
166686,523556,NaN
166686,523546,-159.2751
166686,523536,-157.2556
166686,523526,-154.0306
166686,523516,-152.6977
166686,523506,-152.6922
166686,523496,-153.2208
166686,523486,-153.3221
166686,523476,-152.9352
166686,523466,NaN
166686,523456,NaN
166686,523446,NaN
166686,523436,NaN
166686,523426,-166.9912
166686,523416,-140.9704
166686,523406,-140.4614
166686,523396,-140.5628
166686,523386,-140.4963
166686,523376,-140.4450
166686,523366,-140.8668
166686,523356,-144.2181
166686,523346,NaN
166686,523336,NaN
166686,523326,NaN
166686,523316,NaN
166686,523306,NaN
166686,523296,NaN
166686,523286,NaN
166686,523276,NaN
166686,523266,NaN
166686,523256,NaN
166686,523246,NaN
166686,523236,NaN
166686,523226,NaN
166686,523216,NaN
166686,523206,NaN
166686,523196,NaN
166686,523186,NaN
166686,523176,NaN
166686,523166,NaN
166686,523156,NaN
166686,523146,NaN
166686,523136,NaN
166686,523126,NaN
166686,523116,NaN
166686,523106,NaN
166686,523096,NaN
166686,523086,NaN
166686,523076,NaN
166686,523066,NaN
166686,523056,9.1691
166686,523046,NaN
166686,523036,11.2399
166686,523026,11.4743
166686,523016,NaN
166686,523006,NaN
166686,522996,NaN
166686,522986,NaN
166686,522976,NaN
166686,522966,NaN
166686,522956,NaN
166686,522946,NaN
166686,522936,NaN
166686,522926,NaN
166686,522916,NaN
166686,522906,NaN
166686,522896,NaN
166686,522886,NaN
166686,522876,NaN
166686,522866,NaN
166686,522856,NaN
166686,522846,NaN
166686,522836,NaN
166686,522826,NaN
166686,522816,NaN
166686,522806,NaN
166686,522796,NaN
166686,522786,NaN
166686,522776,NaN
166686,522766,NaN
166686,522756,NaN
166686,522746,NaN
166686,522736,NaN
166686,522726,NaN
166686,522716,NaN
166686,522706,NaN
166686,522696,NaN
166686,522686,NaN
166686,522676,NaN
166686,522666,NaN
166686,522656,NaN
166686,522646,NaN
166686,522636,NaN
166686,522626,NaN
166686,522616,NaN
166686,522606,NaN
166686,522596,NaN
166686,522586,NaN
166686,522576,NaN
166686,522566,NaN
166686,522556,NaN
166686,522546,NaN
166686,522536,NaN
166686,522526,NaN
166686,522516,NaN
166686,522506,NaN
166686,522496,NaN
166686,522486,NaN
166686,522476,NaN
166686,522466,NaN
166686,522456,NaN
166686,522446,NaN
166686,522436,NaN
166686,522426,NaN
166686,522416,NaN
166686,522406,NaN
166686,522396,NaN
166686,522386,NaN
166686,522376,NaN
166686,522366,NaN
166686,522356,-9.2155
166686,522346,-6.3720
166686,522336,-1.6823
166686,522326,0.2305
166686,522316,0.1597
166686,522306,-0.1248
166686,522296,-0.8669
166686,522286,NaN
166686,522276,NaN
166686,522266,NaN
166686,522256,NaN
166686,522246,NaN
166686,522236,5.5133
166686,522226,6.6174
166686,522216,6.7144
166686,522206,6.6588
166686,522196,6.5880
166686,522186,6.4562
166686,522176,6.3853
166686,522166,6.3145
166686,000000,NaN


