111111,111111,111111111
305085,390965,-655.5240
305085,390955,-656.4279
305085,390945,-658.0107
305085,390935,-656.5115
305085,390925,-651.3124
305085,390915,-652.9257
305085,390905,-649.0006
305085,390895,-646.8682
305085,390885,-645.9031
305085,390875,-645.3804
305085,390865,-642.4775
305085,390855,-638.3693
305085,390845,-636.7176
305085,390835,-636.9959
305085,390825,-636.5952
305085,390815,-638.2544
305085,390805,-638.6700
305085,390795,-636.9191
305085,390785,-638.0748
305085,390775,-638.4981
305085,390765,-631.0027
305085,390755,-629.1144
305085,390745,-629.7513
305085,390735,-632.1580
305085,390725,-631.2006
305085,390715,-629.4191
305085,390705,-629.4762
305085,390695,-630.3954
305085,390685,-632.2604
305085,390675,-631.9438
305085,390665,-632.1229
305085,390655,-630.5932
305085,390645,NaN
305085,390635,NaN
305085,390625,NaN
305085,390615,-624.4745
305085,390605,-625.0122
305085,390595,-624.5733
305085,390585,-623.6845
305085,390575,-620.9876
305085,390565,-617.7720
305085,390555,-616.2804
305085,390545,-617.2911
305085,390535,-617.2872
305085,390525,-615.8566
305085,390515,-615.3721
305085,390505,-614.0789
305085,390495,-611.6261
305085,390485,-612.2859
305085,390475,-608.2768
305085,390465,-605.9843
305085,390455,-605.2709
305085,390445,-605.0915
305085,390435,-605.2248
305085,390425,-603.1078
305085,390415,-602.8903
305085,390405,-604.9079
305085,390395,-605.2168
305085,390385,-605.9300
305085,390375,-606.8796
305085,390365,-609.2559
305085,390355,-608.3746
305085,390345,-608.0655
305085,390335,-609.8391
305085,390325,-610.2395
305085,390315,-608.0690
305085,390305,-603.1063
305085,390295,-600.2950
305085,390285,-600.1003
305085,390275,-596.2134
305085,390265,-592.7917
305085,390255,-592.1928
305085,390245,-594.3173
305085,390235,-596.8690
305085,390225,-596.9719
305085,390215,-593.7028
305085,390205,-593.0275
305085,390195,-590.6663
305085,390185,-588.1220
305085,390175,-584.1740
305085,390165,-582.7740
305085,390155,-581.2977
305085,390145,-579.1043
305085,390135,-576.7660
305085,390125,-577.2350
305085,390115,-577.0556
305085,390105,-576.6092
305085,390095,-575.5372
305085,390085,-576.6700
305085,390075,-577.6960
305085,390065,-577.2572
305085,390055,-577.4745
305085,390045,-577.7757
305085,390035,-578.7101
305085,390025,-578.9655
305085,390015,-582.9362
305085,390005,-583.7104
305085,389995,-579.0606
305085,389985,-574.8531
305085,389975,-571.3247
305085,389965,-571.8929
305085,389955,-572.0492
305085,389945,-570.9391
305085,389935,-569.6688
305085,389925,-570.2676
305085,389915,-573.3228
305085,389905,-576.7060
305085,389895,-578.6932
305085,389885,-578.4451
305085,389875,-575.8169
305085,389865,-578.7805
305085,389855,-577.4568
305085,389845,-572.6392
305085,389835,-567.5239
305085,389825,-566.0018
305085,389815,-565.8988
305085,389805,-565.3608
305085,389795,-564.8076
305085,389785,-563.7890
305085,389775,-562.2746
305085,389765,-558.3876
305085,389755,-561.6335
305085,389745,NaN
305085,389735,NaN
305085,389725,-558.7762
305085,389715,-556.6438
305085,389705,-556.8459
305085,389695,-557.7193
305085,389685,-551.6962
305085,389675,-547.7864
305085,389665,-541.2675
305085,389655,-532.6353
305085,389645,-533.5926
305085,389635,-537.9218
305085,389625,-492.0384
305085,389615,-455.8587
305085,389605,-443.8700
305085,389595,-434.8641
305085,389585,-419.9077
305085,389575,-413.9991
305085,389565,-408.0523
305085,389555,-398.8328
305085,389545,-385.4480
305085,389535,-372.6811
305085,389525,NaN
305085,389515,NaN
305085,389505,-255.2622
305085,389495,-254.8311
305085,389485,-259.4349
305085,389475,NaN
305085,389465,NaN
305085,389455,NaN
305085,389445,NaN
305085,389435,NaN
305085,389425,NaN
305085,389415,NaN
305085,389405,NaN
305085,389395,NaN
305085,389385,-39.9230
305085,389375,NaN
305085,389365,NaN
305085,389355,NaN
305085,389345,NaN
305085,389335,-14.5986
305085,389325,-18.3862
305085,389315,10.4393
305085,389305,87.4864
305085,389295,84.4998
305085,389285,158.1216
305085,389275,161.5203
305085,389265,172.3037
305085,389255,224.2673
305085,389245,265.4743
305085,389235,325.9975
305085,389225,NaN
305085,389215,435.4861
305085,389205,NaN
305085,389195,NaN
305085,389185,689.4069
305085,389175,690.9060
305085,389165,692.2679
305085,389155,692.2566
305085,389145,691.3298
305085,389135,690.2047
305085,389125,689.2626
305085,389115,687.9697
305085,389105,686.0740
305085,389095,686.1008
305085,389085,684.8689
305085,389075,685.8494
305085,389065,306.3287
305085,389055,249.8338
305085,389045,279.6663
305085,389035,686.7195
305085,389025,686.4946
305085,389015,686.2696
305085,389005,686.1057
305085,388995,686.0944
305085,388985,686.2814
305085,388975,692.4571
305085,388965,NaN
305085,388955,NaN
305085,388945,NaN
305085,388935,NaN
305085,388925,NaN
305085,388915,NaN
305085,388905,NaN
305085,388895,NaN
305085,388885,-1151.2867
305085,388875,NaN
305085,388865,NaN
305085,388855,NaN
305085,388845,NaN
305085,388835,NaN
305085,388825,NaN
305085,388815,NaN
305085,388805,-1174.8739
305085,388795,NaN
305085,388785,NaN
305085,388775,NaN
305085,388765,NaN
305085,388755,NaN
305085,388745,NaN
305085,388735,NaN
305085,388725,NaN
305085,388715,NaN
305085,388705,NaN
305085,388695,NaN
305085,388685,NaN
305085,388675,NaN
305085,388665,NaN
305085,388655,NaN
305085,388645,NaN
305085,388635,NaN
305085,388625,NaN
305085,388615,NaN
305085,388605,NaN
305085,388595,NaN
305085,388585,NaN
305085,388575,NaN
305085,388565,NaN
305085,388555,NaN
305085,388545,NaN
305085,388535,NaN
305085,388525,NaN
305085,388515,NaN
305085,388505,NaN
305085,388495,-598.4352
305085,388485,NaN
305085,388475,NaN
305085,388465,-364.6238
305085,388455,73.9592
305085,388445,600.2275
305085,388435,716.4331
305085,388425,716.6354
305085,388415,NaN
305085,388405,NaN
305085,388395,719.9123
305085,388385,720.2061
305085,388375,669.0590
305085,388365,573.6268
305085,388355,NaN
305085,388345,NaN
305085,388335,NaN
305085,388325,NaN
305085,388315,NaN
305085,388305,NaN
305085,388295,NaN
305085,388285,NaN
305085,388275,NaN
305085,388265,NaN
305085,388255,NaN
305085,388245,NaN
305085,388235,NaN
305085,388225,NaN
305085,388215,NaN
305085,388205,562.5060
305085,388195,562.8379
305085,388185,562.8724
305085,388175,562.8763
305085,388165,562.8573
305085,388155,562.7926
305085,388145,562.4151
305085,388135,562.2283
305085,388125,557.7236
305085,388115,NaN
305085,388105,NaN
305085,388095,563.6020
305085,388085,558.1132
305085,388075,558.8647
305085,388065,559.4332
305085,388055,560.0551
305085,388045,560.9058
305085,388035,561.6497
305085,388025,562.5234
305085,388015,563.1452
305085,388005,565.1860
305085,387995,NaN
305085,387985,NaN
305085,387975,NaN
305085,387965,NaN
305085,387955,NaN
305085,387945,NaN
305085,387935,NaN
305085,387925,NaN
305085,387915,NaN
305085,387905,NaN
305085,387895,NaN
305085,387885,NaN
305085,387875,NaN
305085,387865,NaN
305085,387855,NaN
305085,387845,NaN
305085,387835,NaN
305085,387825,NaN
305085,387815,NaN
305085,387805,NaN
305085,387795,NaN
305085,387785,NaN
305085,387775,NaN
305085,387765,NaN
305085,387755,NaN
305085,387745,NaN
305085,387735,NaN
305085,387725,NaN
305085,387715,NaN
305085,387705,NaN
305085,387695,NaN
305085,387685,NaN
305085,387675,NaN
305085,387665,NaN
305085,387655,NaN
305085,387645,NaN
305085,387635,NaN
305085,387625,NaN
305085,387615,NaN
305085,387605,-2008.1446
305085,387595,NaN
305085,387585,NaN
305085,387575,NaN
305085,387565,NaN
305085,387555,NaN
305085,387545,NaN
305085,387535,NaN
305085,387525,NaN
305085,387515,NaN
305085,387505,NaN
305085,387495,NaN
305085,387485,NaN
305085,387475,NaN
305085,387465,NaN
305085,387455,NaN
305085,387445,NaN
305085,387435,693.4594
305085,387425,382.1477
305085,387415,693.3987
305085,387405,659.2180
305085,387395,NaN
305085,387385,NaN
305085,387375,NaN
305085,387365,693.0521
305085,387355,699.5634
305085,387345,698.4612
305085,387335,427.2388
305085,387325,NaN
305085,387315,NaN
305085,387305,NaN
305085,387295,NaN
305085,387285,NaN
305085,387275,NaN
305085,387265,NaN
305085,387255,NaN
305085,387245,NaN
305085,387235,NaN
305085,387225,NaN
305085,387215,NaN
305085,387205,NaN
305085,387195,NaN
305085,387185,NaN
305085,387175,NaN
305085,387165,NaN
305085,387155,NaN
305085,387145,NaN
305085,387135,NaN
305085,387125,NaN
305085,387115,NaN
305085,387105,NaN
305085,387095,NaN
305085,387085,566.9897
305085,387075,570.2358
305085,387065,571.5824
305085,387055,571.5406
305085,387045,571.2318
305085,387035,571.0831
305085,387025,570.7895
305085,387015,569.4966
305085,387005,558.7668
305085,386995,NaN
305085,386985,543.1662
305085,386975,565.9420
305085,386965,566.6555
305085,386955,567.1476
305085,386945,567.7084
305085,386935,568.2998
305085,386925,568.9675
305085,386915,569.6885
305085,386905,570.5316
305085,386895,570.8864
305085,386885,NaN
305085,386875,NaN
305085,386865,NaN
305085,386855,NaN
305085,386845,NaN
305085,386835,NaN
305085,386825,NaN
305085,386815,NaN
305085,386805,NaN
305085,386795,NaN
305085,386785,NaN
305085,386775,NaN
305085,386765,NaN
305085,386755,NaN
305085,386745,NaN
305085,386735,NaN
305085,386725,NaN
305085,386715,-1229.1013
305085,386705,NaN
305085,386695,NaN
305085,386685,NaN
305085,386675,NaN
305085,386665,NaN
305085,386655,NaN
305085,386645,NaN
305085,386635,NaN
305085,386625,NaN
305085,386615,NaN
305085,386605,NaN
305085,386595,NaN
305085,386585,NaN
305085,386575,NaN
305085,386565,NaN
305085,386555,NaN
305085,386545,NaN
305085,386535,NaN
305085,386525,NaN
305085,386515,NaN
305085,386505,NaN
305085,386495,NaN
305085,386485,NaN
305085,386475,NaN
305085,386465,NaN
305085,386455,NaN
305085,386445,-2276.6109
305085,386435,-2277.2403
305085,386425,NaN
305085,386415,NaN
305085,386405,NaN
305085,386395,NaN
305085,386385,NaN
305085,386375,NaN
305085,386365,NaN
305085,386355,NaN
305085,386345,NaN
305085,386335,NaN
305085,386325,NaN
305085,386315,NaN
305085,386305,NaN
305085,386295,NaN
305085,386285,NaN
305085,386275,NaN
305085,386265,99.8734
305085,386255,389.1763
305085,386245,388.0054
305085,386235,NaN
305085,386225,NaN
305085,386215,NaN
305085,386205,NaN
305085,386195,NaN
305085,386185,390.6304
305085,386175,390.1384
305085,386165,NaN
305085,386155,NaN
305085,386145,NaN
305085,386135,NaN
305085,386125,NaN
305085,386115,NaN
305085,386105,NaN
305085,386095,NaN
305085,386085,NaN
305085,386075,NaN
305085,386065,NaN
305085,386055,NaN
305085,386045,NaN
305085,386035,644.9645
305085,386025,647.6157
305085,386015,647.7875
305085,386005,647.2192
305085,385995,646.9790
305085,385985,646.7846
305085,385975,646.9106
305085,385965,646.8840
305085,385955,644.1950
305085,385945,638.9045
305085,385935,636.0171
305085,385925,633.3815
305085,385915,639.4427
305085,385905,641.2776
305085,385895,642.2427
305085,385885,642.9180
305085,385875,643.8450
305085,385865,644.5127
305085,385855,645.2337
305085,385845,646.0692
305085,385835,646.5613
305085,385825,NaN
305085,385815,-122.4585
305085,385805,NaN
305085,385795,-458.2547
305085,385785,NaN
305085,385775,NaN
305085,385765,NaN
305085,385755,NaN
305085,385745,NaN
305085,385735,NaN
305085,385725,NaN
305085,385715,NaN
305085,385705,NaN
305085,385695,NaN
305085,385685,NaN
305085,385675,NaN
305085,385665,NaN
305085,385655,NaN
305085,385645,NaN
305085,385635,-1124.2231
305085,385625,NaN
305085,385615,NaN
305085,385605,NaN
305085,385595,NaN
305085,385585,NaN
305085,385575,NaN
305085,385565,NaN
305085,385555,NaN
305085,385545,NaN
305085,385535,NaN
305085,385525,NaN
305085,385515,NaN
305085,385505,NaN
305085,385495,NaN
305085,385485,NaN
305085,385475,NaN
305085,385465,NaN
305085,385455,NaN
305085,385445,NaN
305085,385435,NaN
305085,385425,NaN
305085,385415,NaN
305085,385405,NaN
305085,385395,NaN
305085,385385,NaN
305085,385375,-2027.6670
305085,385365,-2028.2428
305085,385355,-2029.3603
305085,385345,NaN
305085,385335,NaN
305085,385325,-2028.9290
305085,385315,-2028.9099
305085,385305,NaN
305085,385295,NaN
305085,385285,NaN
305085,385275,NaN
305085,385265,NaN
305085,385255,NaN
305085,385245,NaN
305085,385235,NaN
305085,385225,NaN
305085,385215,NaN
305085,385205,108.4683
305085,385195,593.2360
305085,385185,695.7480
305085,385175,694.7297
305085,385165,NaN
305085,385155,NaN
305085,385145,NaN
305085,385135,NaN
305085,385125,700.9821
305085,385115,699.4755
305085,385105,590.0292
305085,385095,NaN
305085,385085,NaN
305085,385075,NaN
305085,385065,NaN
305085,385055,NaN
305085,385045,589.3433
305085,385035,591.4071
305085,385025,592.1967
305085,385015,593.0017
305085,385005,593.6388
305085,384995,594.5277
305085,384985,594.7147
305085,384975,594.4669
305085,384965,590.5649
305085,384955,582.0169
305085,384945,583.6153
305085,384935,597.5036
305085,384925,599.9945
305085,384915,601.2572
305085,384905,602.3139
305085,384895,603.7063
305085,384885,605.0147
305085,384875,606.2241
305085,384865,607.6775
305085,384855,608.4900
305085,384845,NaN
305085,384835,NaN
305085,384825,188.1861
305085,384815,NaN
305085,384805,NaN
305085,384795,NaN
305085,384785,-198.5778
305085,384775,-210.4214
305085,384765,NaN
305085,384755,NaN
305085,384745,NaN
305085,384735,NaN
305085,384725,NaN
305085,384715,NaN
305085,384705,NaN
305085,384695,NaN
305085,384685,NaN
305085,384675,NaN
305085,384665,-1112.3375
305085,384655,NaN
305085,384645,NaN
305085,384635,NaN
305085,384625,NaN
305085,384615,NaN
305085,384605,NaN
305085,384595,NaN
305085,384585,NaN
305085,384575,NaN
305085,384565,NaN
305085,384555,NaN
305085,384545,NaN
305085,384535,NaN
305085,384525,NaN
305085,384515,NaN
305085,384505,NaN
305085,384495,NaN
305085,384485,NaN
305085,384475,NaN
305085,384465,NaN
305085,384455,NaN
305085,384445,NaN
305085,384435,NaN
305085,384425,NaN
305085,384415,NaN
305085,384405,NaN
305085,384395,NaN
305085,384385,NaN
305085,384375,NaN
305085,384365,NaN
305085,384355,NaN
305085,384345,NaN
305085,384335,-2008.4760
305085,384325,-2008.5788
305085,384315,-2008.4453
305085,384305,-2009.4941
305085,384295,-2008.4832
305085,384285,-1115.0106
305085,384275,-2005.4848
305085,384265,-225.0283
305085,384255,-1114.2055
305085,384245,-224.8373
305085,384235,NaN
305085,384225,NaN
305085,384215,-223.8490
305085,384205,-222.2049
305085,384195,-220.8888
305085,384185,NaN
305085,384175,-223.8333
305085,384165,-225.4238
305085,384155,-223.4059
305085,384145,-221.2888
305085,384135,-218.5461
305085,384125,NaN
305085,384115,-112.6811
305085,384105,356.3713
305085,384095,693.1481
305085,384085,693.4953
305085,384075,NaN
305085,384065,686.3092
305085,384055,696.5586
305085,384045,696.4481
305085,384035,586.6662
305085,384025,271.3875
305085,384015,NaN
305085,384005,NaN
305085,383995,NaN
305085,383985,NaN
305085,383975,NaN
305085,383965,NaN
305085,383955,NaN
305085,383945,NaN
305085,383935,NaN
305085,383925,NaN
305085,383915,NaN
305085,383905,NaN
305085,383895,NaN
305085,383885,NaN
305085,383875,NaN
305085,383865,NaN
305085,383855,NaN
305085,383845,NaN
305085,383835,NaN
305085,383825,NaN
305085,383815,576.0037
305085,383805,576.2823
305085,383795,580.2990
305085,383785,581.8973
305085,383775,582.0919
305085,383765,582.0806
305085,383755,582.1990
305085,383745,582.0504
305085,383735,578.3696
305085,383725,560.4687
305085,383715,603.7508
305085,383705,592.7464
305085,383695,584.0611
305085,383685,582.9131
305085,383675,583.8401
305085,383665,584.7214
305085,383655,585.5111
305085,383645,586.4838
305085,383635,587.1973
305085,383625,588.0404
305085,383615,589.9515
305085,383605,NaN
305085,383595,NaN
305085,383585,NaN
305085,383575,NaN
305085,383565,NaN
305085,383555,NaN
305085,383545,NaN
305085,383535,NaN
305085,383525,NaN
305085,383515,NaN
305085,383505,NaN
305085,383495,NaN
305085,383485,NaN
305085,383475,NaN
305085,383465,NaN
305085,383455,NaN
305085,383445,NaN
305085,383435,NaN
305085,383425,NaN
305085,383415,NaN
305085,383405,NaN
305085,383395,NaN
305085,383385,-1214.3726
305085,383375,NaN
305085,383365,NaN
305085,383355,NaN
305085,383345,NaN
305085,383335,NaN
305085,383325,NaN
305085,383315,NaN
305085,383305,NaN
305085,383295,-1421.2300
305085,383285,NaN
305085,383275,NaN
305085,383265,NaN
305085,383255,NaN
305085,383245,NaN
305085,383235,NaN
305085,383225,NaN
305085,383215,NaN
305085,383205,NaN
305085,383195,NaN
305085,383185,NaN
305085,383175,NaN
305085,383165,-2016.1328
305085,383155,NaN
305085,383145,NaN
305085,383135,NaN
305085,383125,NaN
305085,383115,NaN
305085,383105,NaN
305085,383095,NaN
305085,383085,NaN
305085,383075,NaN
305085,383065,NaN
305085,383055,NaN
305085,383045,NaN
305085,383035,-1125.1230
305085,383025,-1125.5082
305085,383015,-1120.9346
305085,383005,NaN
305085,382995,NaN
305085,382985,NaN
305085,382975,NaN
305085,382965,NaN
305085,382955,NaN
305085,382945,-649.0818
305085,382935,-79.7871
305085,382925,79.1016
305085,382915,666.2858
305085,382905,665.4506
305085,382895,NaN
305085,382885,NaN
305085,382875,NaN
305085,382865,NaN
305085,382855,667.1562
305085,382845,666.5804
305085,382835,479.5188
305085,382825,NaN
305085,382815,NaN
305085,382805,NaN
305085,382795,NaN
305085,382785,NaN
305085,382775,NaN
305085,382765,NaN
305085,382755,NaN
305085,382745,NaN
305085,382735,NaN
305085,382725,NaN
305085,382715,NaN
305085,382705,NaN
305085,382695,NaN
305085,382685,NaN
305085,382675,NaN
305085,382665,601.5547
305085,382655,602.1613
305085,382645,602.6001
305085,382635,602.0090
305085,382625,601.8375
305085,382615,601.5820
305085,382605,601.5783
305085,382595,601.4525
305085,382585,602.0363
305085,382575,NaN
305085,382565,593.1489
305085,382555,615.6960
305085,382545,610.9930
305085,382535,612.0039
305085,382525,612.5037
305085,382515,613.0722
305085,382505,613.8924
305085,382495,614.6287
305085,382485,615.3955
305085,382475,616.2538
305085,382465,617.2266
305085,382455,606.5807
305085,382445,NaN
305085,382435,NaN
305085,382425,NaN
305085,382415,NaN
305085,382405,NaN
305085,382395,NaN
305085,382385,NaN
305085,382375,NaN
305085,382365,NaN
305085,382355,NaN
305085,382345,NaN
305085,382335,NaN
305085,382325,NaN
305085,382315,NaN
305085,382305,NaN
305085,382295,NaN
305085,382285,NaN
305085,382275,NaN
305085,382265,NaN
305085,382255,NaN
305085,382245,NaN
305085,382235,NaN
305085,382225,NaN
305085,382215,NaN
305085,382205,NaN
305085,382195,NaN
305085,382185,NaN
305085,382175,NaN
305085,382165,NaN
305085,382155,NaN
305085,382145,NaN
305085,382135,NaN
305085,382125,NaN
305085,382115,NaN
305085,382105,NaN
305085,382095,NaN
305085,382085,NaN
305085,382075,NaN
305085,382065,NaN
305085,382055,-1977.7278
305085,382045,-1978.1587
305085,382035,-1977.9717
305085,382025,NaN
305085,382015,NaN
305085,382005,NaN
305085,381995,NaN
305085,381985,NaN
305085,381975,-1974.2939
305085,381965,-1973.1609
305085,381955,NaN
305085,381945,NaN
305085,381935,NaN
305085,381925,NaN
305085,381915,NaN
305085,381905,NaN
305085,381895,NaN
305085,381885,NaN
305085,381875,NaN
305085,381865,NaN
305085,381855,751.9697
305085,381845,753.2476
305085,381835,753.9839
305085,381825,752.1799
305085,381815,NaN
305085,381805,NaN
305085,381795,NaN
305085,381785,NaN
305085,381775,755.1519
305085,381765,757.2690
305085,381755,756.7770
305085,381745,743.6747
305085,381735,648.2043
305085,381725,NaN
305085,381715,NaN
305085,381705,NaN
305085,381695,NaN
305085,381685,NaN
305085,381675,NaN
305085,381665,NaN
305085,381655,NaN
305085,381645,NaN
305085,381635,NaN
305085,381625,NaN
305085,381615,NaN
305085,381605,NaN
305085,381595,NaN
305085,381585,NaN
305085,381575,NaN
305085,381565,NaN
305085,381555,NaN
305085,381545,NaN
305085,381535,670.7116
305085,381525,669.6933
305085,381515,669.2243
305085,381505,668.9612
305085,381495,668.7896
305085,381485,668.7020
305085,381475,668.4924
305085,381465,668.1835
305085,381455,667.0203
305085,381445,NaN
305085,381435,NaN
305085,381425,NaN
305085,381415,661.9933
305085,381405,663.0577
305085,381395,663.7329
305085,381385,664.3090
305085,381375,664.9538
305085,381365,665.7664
305085,381355,666.6552
305085,381345,667.3152
305085,381335,666.5258
305085,381325,NaN
305085,381315,NaN
305085,381305,NaN
305085,381295,NaN
305085,381285,NaN
305085,381275,NaN
305085,381265,NaN
305085,381255,NaN
305085,381245,NaN
305085,381235,NaN
305085,381225,NaN
305085,381215,NaN
305085,381205,NaN
305085,381195,NaN
305085,381185,NaN
305085,381175,NaN
305085,381165,NaN
305085,381155,NaN
305085,381145,-1119.6041
305085,381135,NaN
305085,381125,NaN
305085,381115,NaN
305085,381105,NaN
305085,381095,NaN
305085,381085,NaN
305085,381075,NaN
305085,381065,NaN
305085,381055,NaN
305085,381045,NaN
305085,381035,NaN
305085,381025,NaN
305085,381015,NaN
305085,381005,NaN
305085,380995,NaN
305085,380985,NaN
305085,380975,NaN
305085,380965,NaN
305085,380955,NaN
305085,380945,NaN
305085,380935,NaN
305085,380925,NaN
305085,380915,NaN
305085,380905,NaN
305085,380895,NaN
305085,380885,NaN
305085,380875,NaN
305085,380865,NaN
305085,380855,NaN
305085,380845,NaN
305085,380835,NaN
305085,380825,NaN
305085,380815,NaN
305085,380805,NaN
305085,380795,NaN
305085,380785,NaN
305085,380775,-1264.1309
305085,380765,NaN
305085,380755,NaN
305085,380745,NaN
305085,380735,NaN
305085,380725,NaN
305085,380715,NaN
305085,380705,219.8944
305085,380695,619.1891
305085,380685,616.9807
305085,380675,616.5422
305085,380665,NaN
305085,380655,NaN
305085,380645,NaN
305085,380635,626.8033
305085,380625,626.0139
305085,380615,458.1158
305085,380605,NaN
305085,380595,NaN
305085,380585,NaN
305085,380575,NaN
305085,380565,NaN
305085,380555,NaN
305085,380545,NaN
305085,380535,NaN
305085,380525,NaN
305085,380515,NaN
305085,380505,NaN
305085,380495,NaN
305085,380485,NaN
305085,380475,NaN
305085,380465,NaN
305085,380455,NaN
305085,380445,NaN
305085,380435,632.1764
305085,380425,632.2185
305085,380415,631.7799
305085,380405,631.2422
305085,380395,631.1393
305085,380385,631.0899
305085,380375,631.5439
305085,380365,630.5180
305085,380355,629.8963
305085,380345,617.4729
305085,380335,614.1813
305085,380325,619.4796
305085,380315,627.6921
305085,380305,629.0845
305085,380295,630.0496
305085,380285,630.7249
305085,380275,631.3315
305085,380265,631.9762
305085,380255,632.6439
305085,380245,633.4336
305085,380235,634.4445
305085,380225,205.7944
305085,380215,-165.0752
305085,380205,NaN
305085,380195,NaN
305085,380185,NaN
305085,380175,NaN
305085,380165,NaN
305085,380155,NaN
305085,380145,NaN
305085,380135,NaN
305085,380125,NaN
305085,380115,-1107.1837
305085,380105,-1112.5199
305085,380095,-1118.3902
305085,380085,NaN
305085,380075,NaN
305085,380065,NaN
305085,380055,NaN
305085,380045,NaN
305085,380035,NaN
305085,380025,NaN
305085,380015,NaN
305085,380005,NaN
305085,379995,NaN
305085,379985,NaN
305085,379975,NaN
305085,379965,NaN
305085,379955,NaN
305085,379945,NaN
305085,379935,NaN
305085,379925,NaN
305085,379915,NaN
305085,379905,NaN
305085,379895,NaN
305085,379885,NaN
305085,379875,NaN
305085,379865,NaN
305085,379855,NaN
305085,379845,NaN
305085,379835,NaN
305085,379825,NaN
305085,379815,NaN
305085,379805,NaN
305085,379795,NaN
305085,379785,-2121.5761
305085,379775,-2120.5652
305085,379765,NaN
305085,379755,-2117.5363
305085,379745,NaN
305085,379735,NaN
305085,379725,NaN
305085,379715,NaN
305085,379705,NaN
305085,379695,NaN
305085,379685,NaN
305085,379675,NaN
305085,379665,NaN
305085,379655,NaN
305085,379645,NaN
305085,379635,NaN
305085,379625,NaN
305085,379615,NaN
305085,379605,-469.8267
305085,379595,329.8956
305085,379585,553.8808
305085,379575,550.2152
305085,379565,NaN
305085,379555,NaN
305085,379545,563.0968
305085,379535,561.9717
305085,379525,561.7010
305085,379515,531.7924
305085,379505,NaN
305085,379495,NaN
305085,379485,NaN
305085,379475,NaN
305085,379465,NaN
305085,379455,NaN
305085,379445,NaN
305085,379435,NaN
305085,379425,NaN
305085,379415,NaN
305085,379405,NaN
305085,379395,NaN
305085,379385,NaN
305085,379375,NaN
305085,379365,NaN
305085,379355,NaN
305085,379345,NaN
305085,379335,NaN
305085,379325,NaN
305085,379315,539.9194
305085,379305,527.4198
305085,379295,530.3532
305085,379285,533.3781
305085,379275,534.4272
305085,379265,534.5151
305085,379255,534.6563
305085,379245,534.5992
305085,379235,534.3133
305085,379225,534.0959
305085,379215,NaN
305085,379205,NaN
305085,379195,542.9114
305085,379185,NaN
305085,379175,NaN
305085,379165,541.7789
305085,379155,542.4923
305085,379145,543.1218
305085,379135,544.1861
305085,379125,544.8614
305085,379115,545.6969
305085,379105,547.6156
305085,379095,200.0366
305085,379085,496.1978
305085,379075,489.4808
305085,379065,479.3231
305085,379055,NaN
305085,379045,NaN
305085,379035,NaN
305085,379025,NaN
305085,379015,NaN
305085,379005,NaN
305085,378995,NaN
305085,378985,NaN
305085,378975,NaN
305085,378965,NaN
305085,378955,NaN
305085,378945,NaN
305085,378935,NaN
305085,378925,NaN
305085,378915,NaN
305085,378905,NaN
305085,378895,NaN
305085,378885,NaN
305085,378875,NaN
305085,378865,NaN
305085,378855,NaN
305085,378845,NaN
305085,378835,NaN
305085,378825,NaN
305085,378815,NaN
305085,378805,NaN
305085,378795,NaN
305085,378785,NaN
305085,378775,NaN
305085,378765,NaN
305085,378755,NaN
305085,378745,NaN
305085,378735,NaN
305085,378725,NaN
305085,378715,NaN
305085,378705,NaN
305085,378695,NaN
305085,378685,NaN
305085,378675,NaN
305085,378665,NaN
305085,378655,NaN
305085,378645,NaN
305085,378635,NaN
305085,378625,NaN
305085,378615,-2170.0852
305085,378605,NaN
305085,378595,NaN
305085,378585,NaN
305085,378575,NaN
305085,378565,NaN
305085,378555,NaN
305085,378545,NaN
305085,378535,NaN
305085,378525,NaN
305085,378515,NaN
305085,378505,294.8123
305085,378495,615.6754
305085,378485,615.1530
305085,378475,621.0005
305085,378465,623.2855
305085,378455,622.7173
305085,378445,492.8258
305085,378435,NaN
305085,378425,NaN
305085,378415,NaN
305085,378405,NaN
305085,378395,NaN
305085,378385,NaN
305085,378375,NaN
305085,378365,NaN
305085,378355,NaN
305085,378345,NaN
305085,378335,NaN
305085,378325,NaN
305085,378315,NaN
305085,378305,NaN
305085,378295,NaN
305085,378285,NaN
305085,378275,NaN
305085,378265,NaN
305085,378255,NaN
305085,378245,NaN
305085,378235,NaN
305085,378225,NaN
305085,378215,NaN
305085,378205,NaN
305085,378195,NaN
305085,378185,NaN
305085,378175,NaN
305085,378165,523.8935
305085,378155,523.2185
305085,378145,522.9707
305085,378135,522.7916
305085,378125,522.7726
305085,378115,522.6621
305085,378105,517.2191
305085,378095,509.2509
305085,378085,525.1914
305085,378075,NaN
305085,378065,NaN
305085,378055,NaN
305085,378045,531.6458
305085,378035,532.4584
305085,378025,533.2558
305085,378015,533.9921
305085,378005,535.3615
305085,377995,541.4227
305085,377985,-242.0805
305085,377975,-263.8262
305085,377965,NaN
305085,377955,NaN
305085,377945,NaN
305085,377935,NaN
305085,377925,NaN
305085,377915,NaN
305085,377905,-1172.5782
305085,377895,NaN
305085,377885,NaN
305085,377875,NaN
305085,377865,NaN
305085,377855,NaN
305085,377845,NaN
305085,377835,NaN
305085,377825,NaN
305085,377815,NaN
305085,377805,NaN
305085,377795,-1247.5717
305085,377785,NaN
305085,377775,NaN
305085,377765,NaN
305085,377755,NaN
305085,377745,NaN
305085,377735,NaN
305085,377725,NaN
305085,377715,NaN
305085,377705,NaN
305085,377695,NaN
305085,377685,NaN
305085,377675,NaN
305085,377665,NaN
305085,377655,NaN
305085,377645,NaN
305085,377635,NaN
305085,377625,NaN
305085,377615,NaN
305085,377605,NaN
305085,377595,NaN
305085,377585,NaN
305085,377575,NaN
305085,377565,-2061.0611
305085,377555,-2059.9511
305085,377545,-2058.9170
305085,377535,-2058.4478
305085,377525,-2057.4751
305085,377515,-2057.3413
305085,377505,-2056.7653
305085,377495,-2059.1874
305085,377485,NaN
305085,377475,NaN
305085,377465,NaN
305085,377455,NaN
305085,377445,NaN
305085,377435,NaN
305085,377425,NaN
305085,377415,NaN
305085,377405,NaN
305085,377395,NaN
305085,377385,NaN
305085,377375,NaN
305085,377365,NaN
305085,377355,NaN
305085,377345,-336.9216
305085,377335,-69.5668
305085,377325,367.0556
305085,377315,609.0752
305085,377305,608.6138
305085,377295,609.4722
305085,377285,611.5130
305085,377275,611.1279
305085,377265,454.6119
305085,377255,NaN
305085,377245,NaN
305085,377235,NaN
305085,377225,NaN
305085,377215,NaN
305085,377205,NaN
305085,377195,NaN
305085,377185,NaN
305085,377175,NaN
305085,377165,NaN
305085,377155,NaN
305085,377145,NaN
305085,377135,NaN
305085,377125,NaN
305085,377115,NaN
305085,377105,NaN
305085,377095,NaN
305085,377085,NaN
305085,377075,496.5229
305085,377065,493.9483
305085,377055,NaN
305085,377045,NaN
305085,377035,NaN
305085,377025,518.2618
305085,377015,517.9605
305085,377005,517.8043
305085,376995,517.6556
305085,376985,517.3621
305085,376975,517.0227
305085,376965,488.5789
305085,376955,495.2809
305085,376945,500.2511
305085,376935,NaN
305085,376925,NaN
305085,376915,NaN
305085,376905,511.6872
305085,376895,512.2861
305085,376885,512.9843
305085,376875,513.6825
305085,376865,514.9070
305085,376855,518.1837
305085,376845,NaN
305085,376835,NaN
305085,376825,NaN
305085,376815,NaN
305085,376805,NaN
305085,376795,NaN
305085,376785,NaN
305085,376775,NaN
305085,376765,NaN
305085,376755,NaN
305085,376745,NaN
305085,376735,NaN
305085,376725,NaN
305085,376715,NaN
305085,376705,NaN
305085,376695,NaN
305085,376685,NaN
305085,376675,NaN
305085,376665,NaN
305085,376655,NaN
305085,376645,NaN
305085,376635,NaN
305085,376625,NaN
305085,376615,NaN
305085,376605,NaN
305085,376595,NaN
305085,376585,NaN
305085,376575,NaN
305085,376565,NaN
305085,376555,NaN
305085,376545,NaN
305085,376535,NaN
305085,376525,NaN
305085,376515,NaN
305085,376505,NaN
305085,376495,NaN
305085,376485,NaN
305085,376475,NaN
305085,376465,NaN
305085,376455,NaN
305085,376445,NaN
305085,376435,NaN
305085,376425,-1993.4031
305085,376415,NaN
305085,376405,NaN
305085,376395,-1992.2470
305085,376385,-1991.9074
305085,376375,-1992.0484
305085,376365,-1987.2764
305085,376355,NaN
305085,376345,NaN
305085,376335,NaN
305085,376325,NaN
305085,376315,NaN
305085,376305,NaN
305085,376295,NaN
305085,376285,NaN
305085,376275,NaN
305085,376265,643.6042
305085,376255,73.7375
305085,376245,662.0126
305085,376235,660.3764
305085,376225,661.5552
305085,376215,665.5947
305085,376205,664.2483
305085,376195,602.5811
305085,376185,NaN
305085,376175,NaN
305085,376165,NaN
305085,376155,NaN
305085,376145,NaN
305085,376135,NaN
305085,376125,NaN
305085,376115,NaN
305085,376105,NaN
305085,376095,NaN
305085,376085,NaN
305085,376075,NaN
305085,376065,NaN
305085,376055,NaN
305085,376045,NaN
305085,376035,NaN
305085,376025,NaN
305085,376015,523.1905
305085,376005,523.3089
305085,375995,523.5493
305085,375985,523.8050
305085,375975,524.1446
305085,375965,517.9997
305085,375955,NaN
305085,375945,NaN
305085,375935,530.3396
305085,375925,NaN
305085,375915,NaN
305085,375905,NaN
305085,375895,532.6669
305085,375885,533.6854
305085,375875,534.7650
305085,375865,535.9057
305085,375855,537.2751
305085,375845,539.2091
305085,375835,NaN
305085,375825,NaN
305085,375815,-254.4706
305085,375805,NaN
305085,375795,NaN
305085,375785,NaN
305085,375775,NaN
305085,375765,NaN
305085,375755,NaN
305085,375745,NaN
305085,375735,NaN
305085,375725,NaN
305085,375715,NaN
305085,375705,NaN
305085,375695,NaN
305085,375685,NaN
305085,375675,NaN
305085,375665,NaN
305085,375655,NaN
305085,375645,NaN
305085,375635,NaN
305085,375625,NaN
305085,375615,NaN
305085,375605,NaN
305085,375595,NaN
305085,375585,NaN
305085,375575,NaN
305085,375565,NaN
305085,375555,NaN
305085,375545,NaN
305085,375535,NaN
305085,375525,NaN
305085,375515,NaN
305085,375505,NaN
305085,375495,NaN
305085,375485,NaN
305085,375475,NaN
305085,375465,NaN
305085,375455,NaN
305085,375445,NaN
305085,375435,NaN
305085,375425,NaN
305085,375415,NaN
305085,375405,NaN
305085,375395,NaN
305085,375385,NaN
305085,375375,-2059.4521
305085,375365,-2058.3191
305085,375355,NaN
305085,375345,-2059.5548
305085,375335,-2058.2769
305085,375325,NaN
305085,375315,NaN
305085,375305,NaN
305085,375295,-2057.5898
305085,375285,-2057.1816
305085,375275,-2057.0021
305085,375265,NaN
305085,375255,NaN
305085,375245,NaN
305085,375235,NaN
305085,375225,650.9172
305085,375215,310.4331
305085,375205,652.5729
305085,375195,650.2119
305085,375185,651.8789
305085,375175,652.3940
305085,375165,640.0164
305085,375155,NaN
305085,375145,NaN
305085,375135,NaN
305085,375125,NaN
305085,375115,NaN
305085,375105,NaN
305085,375095,NaN
305085,375085,NaN
305085,375075,587.8022
305085,375065,589.5913
305085,375055,591.5635
305085,375045,592.4370
305085,375035,592.6622
305085,375025,593.0552
305085,375015,593.4635
305085,375005,593.9785
305085,374995,591.6938
305085,374985,583.3290
305085,374975,593.0291
305085,374965,599.7464
305085,374955,NaN
305085,374945,NaN
305085,374935,NaN
305085,374925,605.2396
305085,374915,606.4641
305085,374905,607.6429
305085,374895,608.4555
305085,374885,610.2217
305085,374875,612.0183
305085,374865,573.7486
305085,374855,NaN
305085,374845,NaN
305085,374835,NaN
305085,374825,-144.2115
305085,374815,NaN
305085,374805,NaN
305085,374795,NaN
305085,374785,NaN
305085,374775,NaN
305085,374765,NaN
305085,374755,NaN
305085,374745,NaN
305085,374735,NaN
305085,374725,NaN
305085,374715,NaN
305085,374705,NaN
305085,374695,NaN
305085,374685,NaN
305085,374675,NaN
305085,374665,NaN
305085,374655,NaN
305085,374645,NaN
305085,374635,NaN
305085,374625,NaN
305085,374615,NaN
305085,374605,NaN
305085,374595,NaN
305085,374585,NaN
305085,374575,NaN
305085,374565,-1178.1076
305085,374555,NaN
305085,374545,NaN
305085,374535,NaN
305085,374525,NaN
305085,374515,NaN
305085,374505,NaN
305085,374495,NaN
305085,374485,NaN
305085,374475,NaN
305085,374465,NaN
305085,374455,NaN
305085,374445,NaN
305085,374435,NaN
305085,374425,NaN
305085,374415,NaN
305085,374405,NaN
305085,374395,NaN
305085,374385,NaN
305085,374375,NaN
305085,374365,NaN
305085,374355,NaN
305085,374345,NaN
305085,374335,NaN
305085,374325,-2110.1291
305085,374315,NaN
305085,374305,NaN
305085,374295,NaN
305085,374285,-2108.9005
305085,374275,-2107.7371
305085,374265,NaN
305085,374255,NaN
305085,374245,NaN
305085,374235,NaN
305085,374225,NaN
305085,374215,NaN
305085,374205,NaN
305085,374195,NaN
305085,374185,625.3426
305085,374175,193.5418
305085,374165,623.5958
305085,374155,624.8432
305085,374145,626.8078
305085,374135,625.4309
305085,374125,566.8686
305085,374115,540.5685
305085,374105,35.5313
305085,374095,NaN
305085,374085,NaN
305085,374075,NaN
305085,374065,NaN
305085,374055,NaN
305085,374045,NaN
305085,374035,NaN
305085,374025,NaN
305085,374015,NaN
305085,374005,NaN
305085,373995,NaN
305085,373985,NaN
305085,373975,NaN
305085,373965,NaN
305085,373955,NaN
305085,373945,NaN
305085,373935,NaN
305085,373925,NaN
305085,373915,NaN
305085,373905,NaN
305085,373895,NaN
305085,373885,NaN
305085,373875,NaN
305085,373865,NaN
305085,373855,NaN
305085,373845,532.5500
305085,373835,NaN
305085,373825,NaN
305085,373815,536.0253
305085,373805,536.0597
305085,373795,536.0713
305085,373785,535.9532
305085,373775,535.6978
305085,373765,534.8854
305085,373755,540.4049
305085,373745,509.2148
305085,373735,546.4472
305085,373725,NaN
305085,373715,NaN
305085,373705,NaN
305085,373695,NaN
305085,373685,NaN
305085,373675,533.8680
305085,373665,534.5967
305085,373655,535.2414
305085,373645,536.5117
305085,373635,NaN
305085,373625,-336.2291
305085,373615,NaN
305085,373605,NaN
305085,373595,NaN
305085,373585,NaN
305085,373575,NaN
305085,373565,NaN
305085,373555,-1156.1285
305085,373545,NaN
305085,373535,NaN
305085,373525,NaN
305085,373515,NaN
305085,373505,NaN
305085,373495,NaN
305085,373485,NaN
305085,373475,NaN
305085,373465,NaN
305085,373455,NaN
305085,373445,NaN
305085,373435,NaN
305085,373425,NaN
305085,373415,NaN
305085,373405,NaN
305085,373395,NaN
305085,373385,NaN
305085,373375,NaN
305085,373365,NaN
305085,373355,NaN
305085,373345,NaN
305085,373335,NaN
305085,373325,NaN
305085,373315,NaN
305085,373305,NaN
305085,373295,NaN
305085,373285,NaN
305085,373275,NaN
305085,373265,NaN
305085,373255,NaN
305085,373245,NaN
305085,373235,NaN
305085,373225,NaN
305085,373215,-2085.1126
305085,373205,NaN
305085,373195,NaN
305085,373185,NaN
305085,373175,NaN
305085,373165,NaN
305085,373155,-2081.0535
305085,373145,-2081.0952
305085,373135,NaN
305085,373125,NaN
305085,373115,NaN
305085,373105,NaN
305085,373095,NaN
305085,373085,NaN
305085,373075,NaN
305085,373065,NaN
305085,373055,583.9126
305085,373045,-71.5643
305085,373035,588.7190
305085,373025,581.8799
305085,373015,596.5769
305085,373005,595.8027
305085,372995,NaN
305085,372985,NaN
305085,372975,NaN
305085,372965,NaN
305085,372955,NaN
305085,372945,NaN
305085,372935,559.1815
305085,372925,NaN
305085,372915,NaN
305085,372905,NaN
305085,372895,566.4369
305085,372885,566.9444
305085,372875,567.3679
305085,372865,567.6312
305085,372855,566.6510
305085,372845,544.5849
305085,372835,NaN
305085,372825,NaN
305085,372815,NaN
305085,372805,NaN
305085,372795,NaN
305085,372785,NaN
305085,372775,576.8974
305085,372765,578.0914
305085,372755,579.2626
305085,372745,580.7465
305085,372735,582.8102
305085,372725,NaN
305085,372715,NaN
305085,372705,NaN
305085,372695,NaN
305085,372685,-192.2017
305085,372675,-207.0586
305085,372665,-221.8851
305085,372655,NaN
305085,372645,NaN
305085,372635,NaN
305085,372625,NaN
305085,372615,NaN
305085,372605,NaN
305085,372595,NaN
305085,372585,-1090.0785
305085,372575,NaN
305085,372565,NaN
305085,372555,NaN
305085,372545,-1117.2899
305085,372535,-1125.5479
305085,372525,NaN
305085,372515,NaN
305085,372505,NaN
305085,372495,NaN
305085,372485,NaN
305085,372475,NaN
305085,372465,NaN
305085,372455,NaN
305085,372445,NaN
305085,372435,NaN
305085,372425,NaN
305085,372415,NaN
305085,372405,NaN
305085,372395,NaN
305085,372385,NaN
305085,372375,NaN
305085,372365,NaN
305085,372355,NaN
305085,372345,NaN
305085,372335,NaN
305085,372325,NaN
305085,372315,NaN
305085,372305,NaN
305085,372295,NaN
305085,372285,NaN
305085,372275,NaN
305085,372265,NaN
305085,372255,NaN
305085,372245,NaN
305085,372235,NaN
305085,372225,NaN
305085,372215,NaN
305085,372205,NaN
305085,372195,NaN
305085,372185,NaN
305085,372175,NaN
305085,372165,NaN
305085,372155,NaN
305085,372145,NaN
305085,372135,-2123.7397
305085,372125,NaN
305085,372115,NaN
305085,372105,NaN
305085,372095,NaN
305085,372085,NaN
305085,372075,NaN
305085,372065,NaN
305085,372055,NaN
305085,372045,NaN
305085,372035,NaN
305085,372025,388.5858
305085,372015,351.1477
305085,372005,-59.9257
305085,371995,-35.7766
305085,371985,616.4430
305085,371975,615.5772
305085,371965,566.9248
305085,371955,536.5050
305085,371945,536.0360
305085,371935,NaN
305085,371925,NaN
305085,371915,NaN
305085,371905,NaN
305085,371895,NaN
305085,371885,NaN
305085,371875,NaN
305085,371865,NaN
305085,371855,NaN
305085,371845,NaN
305085,371835,NaN
305085,371825,NaN
305085,371815,NaN
305085,371805,NaN
305085,371795,NaN
305085,371785,NaN
305085,371775,NaN
305085,371765,343.7927
305085,371755,352.3561
305085,371745,NaN
305085,371735,NaN
305085,371725,NaN
305085,371715,NaN
305085,371705,590.0812
305085,371695,590.2911
305085,371685,590.4552
305085,371675,590.5660
305085,371665,590.3868
305085,371655,575.9571
305085,371645,571.4982
305085,371635,591.5277
305085,371625,NaN
305085,371615,NaN
305085,371605,NaN
305085,371595,589.4607
305085,371585,590.3038
305085,371575,591.5742
305085,371565,592.4706
305085,371555,593.8173
305085,371545,594.6680
305085,371535,NaN
305085,371525,NaN
305085,371515,-169.9919
305085,371505,-172.8182
305085,371495,-213.7351
305085,371485,NaN
305085,371475,NaN
305085,371465,NaN
305085,371455,NaN
305085,371445,-1067.9872
305085,371435,NaN
305085,371425,NaN
305085,371415,NaN
305085,371405,-1107.5268
305085,371395,-1113.2597
305085,371385,NaN
305085,371375,-1127.1057
305085,371365,NaN
305085,371355,NaN
305085,371345,NaN
305085,371335,NaN
305085,371325,NaN
305085,371315,NaN
305085,371305,-1168.8305
305085,371295,NaN
305085,371285,NaN
305085,371275,NaN
305085,371265,NaN
305085,371255,NaN
305085,371245,NaN
305085,371235,NaN
305085,371225,-1237.7023
305085,371215,NaN
305085,371205,NaN
305085,371195,NaN
305085,371185,NaN
305085,371175,NaN
305085,371165,NaN
305085,371155,NaN
305085,371145,NaN
305085,371135,NaN
305085,371125,NaN
305085,371115,NaN
305085,371105,NaN
305085,371095,NaN
305085,371085,NaN
305085,371075,NaN
305085,371065,NaN
305085,371055,NaN
305085,371045,NaN
305085,371035,NaN
305085,371025,NaN
305085,371015,-2096.5602
305085,371005,-2094.9771
305085,370995,NaN
305085,370985,NaN
305085,370975,NaN
305085,370965,-2096.6475
305085,370955,-2095.3619
305085,370945,NaN
305085,370935,NaN
305085,370925,NaN
305085,370915,NaN
305085,370905,NaN
305085,370895,NaN
305085,370885,NaN
305085,370875,NaN
305085,370865,NaN
305085,370855,NaN
305085,370845,NaN
305085,370835,NaN
305085,370825,NaN
305085,370815,NaN
305085,370805,NaN
305085,370795,109.9551
305085,370785,252.6097
305085,370775,502.2963
305085,370765,502.5825
305085,370755,517.7601
305085,370745,517.4894
305085,370735,493.4092
305085,370725,443.0479
305085,370715,434.5915
305085,370705,NaN
305085,370695,NaN
305085,370685,NaN
305085,370675,NaN
305085,370665,NaN
305085,370655,NaN
305085,370645,NaN
305085,370635,NaN
305085,370625,NaN
305085,370615,NaN
305085,370605,NaN
305085,370595,NaN
305085,370585,NaN
305085,370575,NaN
305085,370565,NaN
305085,370555,NaN
305085,370545,557.4819
305085,370535,543.5785
305085,370525,NaN
305085,370515,NaN
305085,370505,NaN
305085,370495,550.3381
305085,370485,550.0522
305085,370475,549.8425
305085,370465,550.0066
305085,370455,548.5916
305085,370445,536.2827
305085,370435,525.4537
305085,370425,522.5816
305085,370415,519.2136
305085,370405,500.6643
305085,370395,NaN
305085,370385,NaN
305085,370375,502.2019
305085,370365,503.1136
305085,370355,504.1856
305085,370345,505.0439
305085,370335,506.8178
305085,370325,NaN
305085,370315,-204.5513
305085,370305,NaN
305085,370295,NaN
305085,370285,NaN
305085,370275,NaN
305085,370265,NaN
305085,370255,NaN
305085,370245,NaN
305085,370235,NaN
305085,370225,-1186.9590
305085,370215,NaN
305085,370205,NaN
305085,370195,NaN
305085,370185,NaN
305085,370175,NaN
305085,370165,NaN
305085,370155,NaN
305085,370145,NaN
305085,370135,NaN
305085,370125,NaN
305085,370115,NaN
305085,370105,NaN
305085,370095,NaN
305085,370085,NaN
305085,370075,NaN
305085,370065,NaN
305085,370055,NaN
305085,370045,NaN
305085,370035,NaN
305085,370025,NaN
305085,370015,NaN
305085,370005,NaN
305085,369995,NaN
305085,369985,NaN
305085,369975,NaN
305085,369965,NaN
305085,369955,NaN
305085,369945,NaN
305085,369935,NaN
305085,369925,NaN
305085,369915,NaN
305085,369905,NaN
305085,369895,NaN
305085,369885,NaN
305085,369875,NaN
305085,369865,NaN
305085,369855,NaN
305085,369845,NaN
305085,369835,NaN
305085,369825,NaN
305085,369815,-2136.1547
305085,369805,-2138.0274
305085,369795,NaN
305085,369785,NaN
305085,369775,NaN
305085,369765,NaN
305085,369755,NaN
305085,369745,NaN
305085,369735,NaN
305085,369725,NaN
305085,369715,NaN
305085,369705,NaN
305085,369695,511.4408
305085,369685,506.5547
305085,369675,536.0209
305085,369665,-37.3091
305085,369655,525.8520
305085,369645,NaN
305085,369635,NaN
305085,369625,NaN
305085,369615,544.8024
305085,369605,544.4402
305085,369595,540.8052
305085,369585,NaN
305085,369575,NaN
305085,369565,NaN
305085,369555,NaN
305085,369545,NaN
305085,369535,NaN
305085,369525,NaN
305085,369515,NaN
305085,369505,NaN
305085,369495,NaN
305085,369485,NaN
305085,369475,NaN
305085,369465,NaN
305085,369455,NaN
305085,369445,NaN
305085,369435,NaN
305085,369425,NaN
305085,369415,NaN
305085,369405,NaN
305085,369395,NaN
305085,369385,NaN
305085,369375,NaN
305085,369365,564.1786
305085,369355,558.1635
305085,369345,NaN
305085,369335,NaN
305085,369325,560.8377
305085,369315,560.5899
305085,369305,560.5557
305085,369295,560.3536
305085,369285,560.0601
305085,369275,562.8943
305085,369265,543.7500
305085,369255,533.0355
305085,369245,559.3511
305085,369235,NaN
305085,369225,NaN
305085,369215,NaN
305085,369205,564.7985
305085,369195,565.5653
305085,369185,566.4389
305085,369175,567.2897
305085,369165,568.8041
305085,369155,568.6783
305085,369145,-185.0879
305085,369135,NaN
305085,369125,NaN
305085,369115,NaN
305085,369105,NaN
305085,369095,NaN
305085,369085,NaN
305085,369075,NaN
305085,369065,-1122.6345
305085,369055,-1126.8111
305085,369045,NaN
305085,369035,NaN
305085,369025,NaN
305085,369015,NaN
305085,369005,NaN
305085,368995,NaN
305085,368985,NaN
305085,368975,-1138.3755
305085,368965,NaN
305085,368955,NaN
305085,368945,NaN
305085,368935,NaN
305085,368925,NaN
305085,368915,NaN
305085,368905,NaN
305085,368895,NaN
305085,368885,NaN
305085,368875,NaN
305085,368865,NaN
305085,368855,NaN
305085,368845,NaN
305085,368835,NaN
305085,368825,NaN
305085,368815,NaN
305085,368805,NaN
305085,368795,NaN
305085,368785,NaN
305085,368775,NaN
305085,368765,NaN
305085,368755,NaN
305085,368745,NaN
305085,368735,NaN
305085,368725,NaN
305085,368715,NaN
305085,368705,-2256.7108
305085,368695,-2256.3407
305085,368685,NaN
305085,368675,NaN
305085,368665,NaN
305085,368655,NaN
305085,368645,NaN
305085,368635,NaN
305085,368625,NaN
305085,368615,NaN
305085,368605,NaN
305085,368595,NaN
305085,368585,NaN
305085,368575,NaN
305085,368565,NaN
305085,368555,NaN
305085,368545,NaN
305085,368535,NaN
305085,368525,NaN
305085,368515,NaN
305085,368505,NaN
305085,368495,NaN
305085,368485,NaN
305085,368475,NaN
305085,368465,-643.1962
305085,368455,161.9730
305085,368445,321.5941
305085,368435,492.5973
305085,368425,491.6629
305085,368415,496.7171
305085,368405,497.8501
305085,368395,492.9640
305085,368385,412.7665
305085,368375,NaN
305085,368365,NaN
305085,368355,NaN
305085,368345,NaN
305085,368335,NaN
305085,368325,NaN
305085,368315,NaN
305085,368305,NaN
305085,368295,NaN
305085,368285,NaN
305085,368275,NaN
305085,368265,NaN
305085,368255,NaN
305085,368245,NaN
305085,368235,NaN
305085,368225,NaN
305085,368215,NaN
305085,368205,542.2444
305085,368195,544.6819
305085,368185,547.9891
305085,368175,NaN
305085,368165,550.4916
305085,368155,550.3429
305085,368145,550.3545
305085,368135,550.5263
305085,368125,538.2250
305085,368115,522.2313
305085,368105,NaN
305085,368095,NaN
305085,368085,NaN
305085,368075,NaN
305085,368065,553.5824
305085,368055,554.3798
305085,368045,554.8567
305085,368035,555.5777
305085,368025,556.3445
305085,368015,557.1495
305085,368005,558.0841
305085,367995,-196.9256
305085,367985,-199.8663
305085,367975,-233.5664
305085,367965,NaN
305085,367955,NaN
305085,367945,-1100.8716
305085,367935,-1106.2002
305085,367925,-1114.6947
305085,367915,-1125.5847
305085,367905,-1131.5236
305085,367895,-1137.3099
305085,367885,-1143.9583
305085,367875,NaN
305085,367865,-1155.4165
305085,367855,-1162.4081
305085,367845,-1168.7971
305085,367835,NaN
305085,367825,NaN
305085,367815,NaN
305085,367805,NaN
305085,367795,-1215.2902
305085,367785,NaN
305085,367775,NaN
305085,367765,NaN
305085,367755,NaN
305085,367745,NaN
305085,367735,NaN
305085,367725,NaN
305085,367715,NaN
305085,367705,NaN
305085,367695,NaN
305085,367685,NaN
305085,367675,NaN
305085,367665,NaN
305085,367655,NaN
305085,367645,NaN
305085,367635,NaN
305085,367625,NaN
305085,367615,NaN
305085,367605,NaN
305085,367595,NaN
305085,367585,NaN
305085,367575,NaN
305085,367565,NaN
305085,367555,NaN
305085,367545,-2602.8686
305085,367535,-2602.0179
305085,367525,NaN
305085,367515,NaN
305085,367505,NaN
305085,367495,NaN
305085,367485,NaN
305085,367475,-2606.9682
305085,367465,NaN
305085,367455,NaN
305085,367445,NaN
305085,367435,NaN
305085,367425,NaN
305085,367415,NaN
305085,367405,NaN
305085,367395,NaN
305085,367385,NaN
305085,367375,NaN
305085,367365,NaN
305085,367355,NaN
305085,367345,NaN
305085,367335,NaN
305085,367325,NaN
305085,367315,NaN
305085,367305,33.1707
305085,367295,32.6483
305085,367285,NaN
305085,367275,NaN
305085,367265,35.4446
305085,367255,34.6704
305085,367245,10.9717
305085,367235,NaN
305085,367225,NaN
305085,367215,NaN
305085,367205,NaN
305085,367195,NaN
305085,367185,NaN
305085,367175,NaN
305085,367165,NaN
305085,367155,NaN
305085,367145,NaN
305085,367135,NaN
305085,367125,NaN
305085,367115,NaN
305085,367105,NaN
305085,367095,NaN
305085,367085,NaN
305085,367075,NaN
305085,367065,NaN
305085,367055,NaN
305085,367045,NaN
305085,367035,NaN
305085,367025,NaN
305085,367015,NaN
305085,367005,-182.1864
305085,366995,NaN
305085,366985,483.9062
305085,366975,NaN
305085,366965,NaN
305085,366955,NaN
305085,366945,NaN
305085,366935,481.2863
305085,366925,480.7563
305085,366915,480.3559
305085,366905,480.6268
305085,366895,NaN
305085,366885,NaN
305085,366875,465.5184
305085,366865,NaN
305085,366855,NaN
305085,366845,NaN
305085,366835,NaN
305085,366825,NaN
305085,366815,29.7398
305085,366805,109.3882
305085,366795,480.3802
305085,366785,480.9410
305085,366775,479.3429
305085,366765,NaN
305085,366755,NaN
305085,366745,NaN
305085,366735,NaN
305085,366725,NaN
305085,366715,NaN
305085,366705,NaN
305085,366695,NaN
305085,366685,NaN
305085,366675,NaN
305085,366665,NaN
305085,366655,NaN
305085,366645,NaN
305085,366635,-1276.9781
305085,366625,NaN
305085,366615,NaN
305085,366605,NaN
305085,366595,NaN
305085,366585,NaN
305085,366575,NaN
305085,366565,NaN
305085,366555,NaN
305085,366545,NaN
305085,366535,NaN
305085,366525,NaN
305085,366515,NaN
305085,366505,NaN
305085,366495,NaN
305085,366485,NaN
305085,366475,NaN
305085,366465,NaN
305085,366455,NaN
305085,366445,NaN
305085,366435,NaN
305085,366425,NaN
305085,366415,NaN
305085,366405,NaN
305085,366395,NaN
305085,366385,NaN
305085,366375,NaN
305085,366365,NaN
305085,366355,NaN
305085,366345,NaN
305085,366335,NaN
305085,366325,NaN
305085,366315,NaN
305085,366305,NaN
305085,366295,NaN
305085,366285,NaN
305085,366275,NaN
305085,366265,NaN
305085,366255,NaN
305085,366245,NaN
305085,366235,NaN
305085,366225,223.1022
305085,366215,333.8762
305085,366205,533.3424
305085,366195,537.5956
305085,366185,540.7807
305085,366175,540.5558
305085,366165,439.9970
305085,366155,NaN
305085,366145,NaN
305085,366135,NaN
305085,366125,NaN
305085,366115,NaN
305085,366105,NaN
305085,366095,439.5363
305085,366085,NaN
305085,366075,NaN
305085,366065,440.7840
305085,366055,441.0320
305085,366045,441.2114
305085,366035,441.7494
305085,366025,441.6160
305085,366015,442.4514
305085,366005,418.5468
305085,365995,439.0187
305085,365985,444.7137
305085,365975,NaN
305085,365965,NaN
305085,365955,NaN
305085,365945,460.5058
305085,365935,469.3744
305085,365925,464.5875
305085,365915,459.1750
305085,365905,NaN
305085,365895,456.0474
305085,365885,NaN
305085,365875,NaN
305085,365865,NaN
305085,365855,-295.1437
305085,365845,NaN
305085,365835,NaN
305085,365825,NaN
305085,365815,NaN
305085,365805,NaN
305085,365795,NaN
305085,365785,NaN
305085,365775,NaN
305085,365765,NaN
305085,365755,NaN
305085,365745,NaN
305085,365735,NaN
305085,365725,NaN
305085,365715,NaN
305085,365705,NaN
305085,365695,NaN
305085,365685,NaN
305085,365675,NaN
305085,365665,NaN
305085,365655,NaN
305085,365645,NaN
305085,365635,NaN
305085,365625,NaN
305085,365615,NaN
305085,365605,NaN
305085,365595,NaN
305085,365585,NaN
305085,365575,NaN
305085,365565,NaN
305085,365555,NaN
305085,365545,NaN
305085,365535,NaN
305085,365525,NaN
305085,365515,NaN
305085,365505,NaN
305085,365495,NaN
305085,365485,NaN
305085,365475,NaN
305085,365465,NaN
305085,365455,NaN
305085,365445,NaN
305085,365435,NaN
305085,365425,NaN
305085,365415,NaN
305085,365405,NaN
305085,365395,NaN
305085,365385,-2175.8597
305085,365375,NaN
305085,365365,NaN
305085,365355,NaN
305085,365345,NaN
305085,365335,NaN
305085,365325,NaN
305085,365315,NaN
305085,365305,NaN
305085,365295,NaN
305085,365285,NaN
305085,365275,NaN
305085,365265,528.0821
305085,365255,526.3924
305085,365245,263.0200
305085,365235,523.8217
305085,365225,-89.5900
305085,365215,526.4768
305085,365205,528.7923
305085,365195,475.9058
305085,365185,NaN
305085,365175,NaN
305085,365165,NaN
305085,365155,NaN
305085,365145,NaN
305085,365135,471.6191
305085,365125,NaN
305085,365115,NaN
305085,365105,NaN
305085,365095,468.7817
305085,365085,469.2586
305085,365075,469.6211
305085,365065,470.0904
305085,365055,470.1706
305085,365045,475.8351
305085,365035,NaN
305085,365025,NaN
305085,365015,466.2346
305085,365005,NaN
305085,364995,NaN
305085,364985,NaN
305085,364975,471.8880
305085,364965,473.1278
305085,364955,474.3524
305085,364945,476.2940
305085,364935,477.2439
305085,364925,478.9262
305085,364915,NaN
305085,364905,NaN
305085,364895,-161.5370
305085,364885,-162.8910
305085,364875,-157.5774
305085,364865,-236.0814
305085,364855,NaN
305085,364845,NaN
305085,364835,NaN
305085,364825,NaN
305085,364815,NaN
305085,364805,NaN
305085,364795,NaN
305085,364785,NaN
305085,364775,NaN
305085,364765,NaN
305085,364755,NaN
305085,364745,NaN
305085,364735,NaN
305085,364725,NaN
305085,364715,NaN
305085,364705,NaN
305085,364695,NaN
305085,364685,NaN
305085,364675,NaN
305085,364665,NaN
305085,364655,NaN
305085,364645,NaN
305085,364635,NaN
305085,364625,NaN
305085,364615,NaN
305085,364605,NaN
305085,364595,NaN
305085,364585,NaN
305085,364575,NaN
305085,364565,NaN
305085,364555,NaN
305085,364545,NaN
305085,364535,NaN
305085,364525,NaN
305085,364515,NaN
305085,364505,NaN
305085,364495,NaN
305085,364485,NaN
305085,364475,NaN
305085,364465,NaN
305085,364455,NaN
305085,364445,NaN
305085,364435,NaN
305085,364425,NaN
305085,364415,NaN
305085,364405,NaN
305085,364395,NaN
305085,364385,NaN
305085,364375,NaN
305085,364365,NaN
305085,364355,NaN
305085,364345,NaN
305085,364335,NaN
305085,364325,-2173.9018
305085,364315,NaN
305085,364305,NaN
305085,364295,NaN
305085,364285,NaN
305085,364275,NaN
305085,364265,NaN
305085,364255,NaN
305085,364245,186.1566
305085,364235,181.2705
305085,364225,341.3569
305085,364215,266.3851
305085,364205,-3.7617
305085,364195,499.3457
305085,364185,NaN
305085,364175,NaN
305085,364165,NaN
305085,364155,505.7696
305085,364145,504.9038
305085,364135,NaN
305085,364125,NaN
305085,364115,NaN
305085,364105,497.1839
305085,364095,477.5514
305085,364085,NaN
305085,364075,NaN
305085,364065,NaN
305085,364055,483.9982
305085,364045,484.4446
305085,364035,484.8986
305085,364025,484.7881
305085,364015,484.5937
305085,364005,489.3656
305085,363995,467.0172
305085,363985,NaN
305085,363975,NaN
305085,363965,NaN
305085,363955,NaN
305085,363945,NaN
305085,363935,501.0652
305085,363925,502.5339
305085,363915,503.8881
305085,363905,505.2195
305085,363895,508.1071
305085,363885,NaN
305085,363875,NaN
305085,363865,NaN
305085,363855,NaN
305085,363845,-216.1124
305085,363835,-245.2809
305085,363825,NaN
305085,363815,NaN
305085,363805,NaN
305085,363795,NaN
305085,363785,NaN
305085,363775,NaN
305085,363765,-1114.9048
305085,363755,-1131.5392
305085,363745,-1136.3796
305085,363735,NaN
305085,363725,NaN
305085,363715,-1163.2135
305085,363705,-1170.1976
305085,363695,NaN
305085,363685,NaN
305085,363675,-1187.4573
305085,363665,-1193.8311
305085,363655,NaN
305085,363645,NaN
305085,363635,NaN
305085,363625,NaN
305085,363615,NaN
305085,363605,NaN
305085,363595,NaN
305085,363585,NaN
305085,363575,-1255.1082
305085,363565,NaN
305085,363555,NaN
305085,363545,NaN
305085,363535,NaN
305085,363525,NaN
305085,363515,NaN
305085,363505,NaN
305085,363495,NaN
305085,363485,NaN
305085,363475,NaN
305085,363465,NaN
305085,363455,NaN
305085,363445,NaN
305085,363435,NaN
305085,363425,NaN
305085,363415,NaN
305085,363405,NaN
305085,363395,NaN
305085,363385,NaN
305085,363375,NaN
305085,363365,NaN
305085,363355,NaN
305085,363345,NaN
305085,363335,NaN
305085,363325,NaN
305085,363315,-2211.8621
305085,363305,-2211.6523
305085,363295,-2211.3736
305085,363285,-2210.9120
305085,363275,NaN
305085,363265,NaN
305085,363255,NaN
305085,363245,-2206.5783
305085,363235,-2205.7505
305085,363225,NaN
305085,363215,NaN
305085,363205,NaN
305085,363195,NaN
305085,363185,NaN
305085,363175,NaN
305085,363165,NaN
305085,363155,NaN
305085,363145,NaN
305085,363135,-424.9382
305085,363125,487.1332
305085,363115,181.4821
305085,363105,484.9592
305085,363095,NaN
305085,363085,NaN
305085,363075,NaN
305085,363065,NaN
305085,363055,491.8295
305085,363045,490.5823
305085,363035,445.5383
305085,363025,283.3618
305085,363015,NaN
305085,363005,NaN
305085,362995,NaN
305085,362985,NaN
305085,362975,NaN
305085,362965,NaN
305085,362955,NaN
305085,362945,NaN
305085,362935,NaN
305085,362925,NaN
305085,362915,NaN
305085,362905,NaN
305085,362895,NaN
305085,362885,NaN
305085,362875,NaN
305085,362865,NaN
305085,362855,NaN
305085,362845,NaN
305085,362835,484.9815
305085,362825,485.6186
305085,362815,NaN
305085,362805,NaN
305085,362795,484.7073
305085,362785,484.6731
305085,362775,484.9364
305085,362765,485.0548
305085,362755,485.2037
305085,362745,484.0328
305085,362735,NaN
305085,362725,NaN
305085,362715,478.6281
305085,362705,NaN
305085,362695,NaN
305085,362685,NaN
305085,362675,498.0820
305085,362665,498.7649
305085,362655,499.7911
305085,362645,500.8249
305085,362635,502.3851
305085,362625,504.7616
305085,362615,NaN
305085,362605,NaN
305085,362595,-240.2923
305085,362585,-287.8996
305085,362575,NaN
305085,362565,NaN
305085,362555,NaN
305085,362545,NaN
305085,362535,-1147.1715
305085,362525,NaN
305085,362515,NaN
305085,362505,-1170.9462
305085,362495,-1178.3727
305085,362485,NaN
305085,362475,NaN
305085,362465,NaN
305085,362455,NaN
305085,362445,NaN
305085,362435,NaN
305085,362425,NaN
305085,362415,NaN
305085,362405,NaN
305085,362395,NaN
305085,362385,NaN
305085,362375,NaN
305085,362365,NaN
305085,362355,NaN
305085,362345,NaN
305085,362335,NaN
305085,362325,NaN
305085,362315,NaN
305085,362305,NaN
305085,362295,NaN
305085,362285,NaN
305085,362275,NaN
305085,362265,NaN
305085,362255,NaN
305085,362245,NaN
305085,362235,NaN
305085,362225,NaN
305085,362215,NaN
305085,362205,NaN
305085,362195,NaN
305085,362185,NaN
305085,362175,NaN
305085,362165,NaN
305085,362155,NaN
305085,362145,NaN
305085,362135,NaN
305085,362125,NaN
305085,362115,NaN
305085,362105,NaN
305085,362095,NaN
305085,362085,NaN
305085,362075,NaN
305085,362065,-2148.4177
305085,362055,NaN
305085,362045,NaN
305085,362035,NaN
305085,362025,NaN
305085,362015,NaN
305085,362005,NaN
305085,361995,NaN
305085,361985,NaN
305085,361975,NaN
305085,361965,NaN
305085,361955,NaN
305085,361945,NaN
305085,361935,NaN
305085,361925,NaN
305085,361915,NaN
305085,361905,NaN
305085,361895,NaN
305085,361885,-387.4165
305085,361875,234.8372
305085,361865,400.2333
305085,361855,476.9219
305085,361845,NaN
305085,361835,NaN
305085,361825,NaN
305085,361815,NaN
305085,361805,477.4984
305085,361795,477.6778
305085,361785,477.9106
305085,361775,436.2842
305085,361765,NaN
305085,361755,NaN
305085,361745,NaN
305085,361735,NaN
305085,361725,NaN
305085,361715,NaN
305085,361705,NaN
305085,361695,NaN
305085,361685,NaN
305085,361675,NaN
305085,361665,NaN
305085,361655,NaN
305085,361645,405.6676
305085,361635,406.5260
305085,361625,406.7359
305085,361615,406.6330
305085,361605,406.5073
305085,361595,406.3891
305085,361585,406.7822
305085,361575,406.7327
305085,361565,403.7919
305085,361555,NaN
305085,361545,NaN
305085,361535,394.9696
305085,361525,400.5272
305085,361515,408.1829
305085,361505,NaN
305085,361495,409.9148
305085,361485,410.7808
305085,361475,411.8375
305085,361465,412.6883
305085,361455,413.6000
305085,361445,NaN
305085,361435,NaN
305085,361425,-333.5594
305085,361415,NaN
305085,361405,NaN
305085,361395,NaN
305085,361385,NaN
305085,361375,NaN
305085,361365,NaN
305085,361355,NaN
305085,361345,NaN
305085,361335,NaN
305085,361325,NaN
305085,361315,NaN
305085,361305,NaN
305085,361295,NaN
305085,361285,NaN
305085,361275,NaN
305085,361265,NaN
305085,361255,NaN
305085,361245,NaN
305085,361235,NaN
305085,361225,NaN
305085,361215,NaN
305085,361205,NaN
305085,361195,NaN
305085,361185,NaN
305085,361175,NaN
305085,361165,NaN
305085,361155,NaN
305085,361145,NaN
305085,361135,NaN
305085,361125,NaN
305085,361115,NaN
305085,361105,NaN
305085,361095,NaN
305085,361085,NaN
305085,361075,NaN
305085,361065,NaN
305085,361055,NaN
305085,361045,NaN
305085,361035,NaN
305085,361025,NaN
305085,361015,NaN
305085,361005,NaN
305085,360995,NaN
305085,360985,NaN
305085,360975,-2037.5471
305085,360965,-2036.2921
305085,360955,NaN
305085,360945,NaN
305085,360935,NaN
305085,360925,NaN
305085,360915,NaN
305085,360905,NaN
305085,360895,NaN
305085,360885,NaN
305085,360875,NaN
305085,360865,NaN
305085,360855,NaN
305085,360845,NaN
305085,360835,NaN
305085,360825,NaN
305085,360815,NaN
305085,360805,-515.4148
305085,360795,613.6500
305085,360785,169.7041
305085,360775,437.8752
305085,360765,616.0572
305085,360755,NaN
305085,360745,NaN
305085,360735,NaN
305085,360725,618.9947
305085,360715,621.4322
305085,360705,621.0243
305085,360695,466.6672
305085,360685,NaN
305085,360675,NaN
305085,360665,NaN
305085,360655,NaN
305085,360645,NaN
305085,360635,NaN
305085,360625,NaN
305085,360615,NaN
305085,360605,NaN
305085,360595,NaN
305085,360585,NaN
305085,360575,NaN
305085,360565,NaN
305085,360555,NaN
305085,360545,NaN
305085,360535,NaN
305085,360525,NaN
305085,360515,NaN
305085,360505,NaN
305085,360495,NaN
305085,360485,NaN
305085,360475,396.5384
305085,360465,398.5182
305085,360455,401.1846
305085,360445,402.8821
305085,360435,403.2751
305085,360425,403.2256
305085,360415,403.3440
305085,360405,403.1496
305085,360395,400.5292
305085,360385,NaN
305085,360375,NaN
305085,360365,412.3351
305085,360355,409.8978
305085,360345,408.0480
305085,360335,408.9521
305085,360325,409.7799
305085,360315,410.4781
305085,360305,411.3441
305085,360295,412.2711
305085,360285,413.5261
305085,360275,414.5447
305085,360265,416.3338
305085,360255,-183.2698
305085,360245,-340.7241
305085,360235,NaN
305085,360225,NaN
305085,360215,-841.3211
305085,360205,-834.9013
305085,360195,-834.7677
305085,360185,NaN
305085,360175,NaN
305085,360165,NaN
305085,360155,NaN
305085,360145,NaN
305085,360135,NaN
305085,360125,NaN
305085,360115,NaN
305085,360105,NaN
305085,360095,NaN
305085,360085,NaN
305085,360075,NaN
305085,360065,NaN
305085,360055,NaN
305085,360045,NaN
305085,360035,NaN
305085,360025,NaN
305085,360015,NaN
305085,360005,NaN
305085,359995,NaN
305085,359985,NaN
305085,359975,NaN
305085,359965,NaN
305085,359955,NaN
305085,359945,NaN
305085,359935,NaN
305085,359925,NaN
305085,359915,NaN
305085,359905,NaN
305085,359895,NaN
305085,359885,NaN
305085,359875,NaN
305085,359865,NaN
305085,359855,NaN
305085,359845,NaN
305085,359835,NaN
305085,359825,NaN
305085,359815,NaN
305085,359805,NaN
305085,359795,NaN
305085,359785,-2046.0582
305085,359775,-2048.5184
305085,359765,-2044.2193
305085,359755,-2045.4895
305085,359745,NaN
305085,359735,NaN
305085,359725,NaN
305085,359715,NaN
305085,359705,NaN
305085,359695,NaN
305085,359685,NaN
305085,359675,NaN
305085,359665,NaN
305085,359655,NaN
305085,359645,NaN
305085,359635,-494.2501
305085,359625,-492.7662
305085,359615,NaN
305085,359605,NaN
305085,359595,-449.4381
305085,359585,-20.6581
305085,359575,347.3739
305085,359565,617.5514
305085,359555,614.8471
305085,359545,NaN
305085,359535,NaN
305085,359525,NaN
305085,359515,NaN
305085,359505,619.9247
305085,359495,619.7531
305085,359485,427.8701
305085,359475,262.4438
305085,359465,NaN
305085,359455,NaN
305085,359445,NaN
305085,359435,NaN
305085,359425,NaN
305085,359415,NaN
305085,359405,NaN
305085,359395,NaN
305085,359385,NaN
305085,359375,NaN
305085,359365,NaN
305085,359355,NaN
305085,359345,NaN
305085,359335,NaN
305085,359325,NaN
305085,359315,NaN
305085,359305,NaN
305085,359295,NaN
305085,359285,382.1684
305085,359275,384.2855
305085,359265,387.3867
305085,359255,388.1612
305085,359245,388.1651
305085,359235,387.9478
305085,359225,387.8144
305085,359215,386.5138
305085,359205,384.5496
305085,359195,380.2661
305085,359185,375.5326
305085,359175,379.5492
305085,359165,391.0421
305085,359155,392.8159
305085,359145,393.9337
305085,359135,394.5708
305085,359125,395.2689
305085,359115,395.9213
305085,359105,396.9246
305085,359095,398.8510
305085,359085,399.8848
305085,359075,401.0407
305085,359065,-183.1985
305085,359055,NaN
305085,359045,NaN
305085,359035,NaN
305085,359025,NaN
305085,359015,NaN
305085,359005,NaN
305085,358995,NaN
305085,358985,NaN
305085,358975,NaN
305085,358965,NaN
305085,358955,NaN
305085,358945,NaN
305085,358935,NaN
305085,358925,NaN
305085,358915,NaN
305085,358905,NaN
305085,358895,NaN
305085,358885,NaN
305085,358875,NaN
305085,358865,NaN
305085,358855,NaN
305085,358845,NaN
305085,358835,NaN
305085,358825,NaN
305085,358815,NaN
305085,358805,NaN
305085,358795,NaN
305085,358785,NaN
305085,358775,NaN
305085,358765,NaN
305085,358755,NaN
305085,358745,NaN
305085,358735,NaN
305085,358725,NaN
305085,358715,NaN
305085,358705,NaN
305085,358695,NaN
305085,358685,NaN
305085,358675,NaN
305085,358665,NaN
305085,358655,NaN
305085,358645,NaN
305085,358635,NaN
305085,358625,-2210.8643
305085,358615,NaN
305085,358605,NaN
305085,358595,NaN
305085,358585,NaN
305085,358575,NaN
305085,358565,NaN
305085,358555,NaN
305085,358545,NaN
305085,358535,NaN
305085,358525,NaN
305085,358515,NaN
305085,358505,NaN
305085,358495,NaN
305085,358485,NaN
305085,358475,NaN
305085,358465,NaN
305085,358455,NaN
305085,358445,NaN
305085,358435,-308.1850
305085,358425,-304.5345
305085,358415,-218.6227
305085,358405,-208.8006
305085,358395,479.2438
305085,358385,478.9350
305085,358375,412.8278
305085,358365,368.9434
305085,358355,369.6034
305085,358345,369.0428
305085,358335,368.9857
305085,358325,369.3863
305085,358315,369.8938
305085,358305,370.3249
305085,358295,369.6880
305085,358285,365.7555
305085,358275,365.8433
305085,358265,370.9052
305085,358255,364.9434
305085,358245,379.1063
305085,358235,380.9946
305085,358225,382.2801
305085,358215,383.3597
305085,358205,384.4012
305085,358195,385.6410
305085,358185,386.9266
305085,358175,388.2121
305085,358165,389.7876
305085,358155,391.5309
305085,358145,NaN
305085,358135,NaN
305085,358125,NaN
305085,358115,NaN
305085,358105,NaN
305085,358095,-360.4687
305085,358085,NaN
305085,358075,NaN
305085,358065,NaN
305085,358055,NaN
305085,358045,NaN
305085,358035,NaN
305085,358025,NaN
305085,358015,NaN
305085,358005,NaN
305085,357995,NaN
305085,357985,NaN
305085,357975,NaN
305085,357965,NaN
305085,357955,NaN
305085,357945,NaN
305085,357935,NaN
305085,357925,NaN
305085,357915,NaN
305085,357905,NaN
305085,357895,NaN
305085,357885,NaN
305085,357875,NaN
305085,357865,NaN
305085,357855,NaN
305085,357845,NaN
305085,357835,NaN
305085,357825,NaN
305085,357815,NaN
305085,357805,NaN
305085,357795,NaN
305085,357785,NaN
305085,357775,NaN
305085,357765,NaN
305085,357755,NaN
305085,357745,NaN
305085,357735,NaN
305085,357725,NaN
305085,357715,NaN
305085,357705,NaN
305085,357695,NaN
305085,357685,NaN
305085,357675,NaN
305085,357665,NaN
305085,357655,NaN
305085,357645,NaN
305085,357635,-2312.1362
305085,357625,-2311.8882
305085,357615,NaN
305085,357605,NaN
305085,357595,NaN
305085,357585,NaN
305085,357575,NaN
305085,357565,NaN
305085,357555,NaN
305085,357545,-2309.3851
305085,357535,-2309.5641
305085,357525,-2309.4382
305085,357515,NaN
305085,357505,NaN
305085,357495,NaN
305085,357485,NaN
305085,357475,NaN
305085,357465,NaN
305085,357455,NaN
305085,357445,NaN
305085,357435,NaN
305085,357425,-804.9330
305085,357415,NaN
305085,357405,NaN
305085,357395,NaN
305085,357385,54.3132
305085,357375,385.1472
305085,357365,384.2128
305085,357355,NaN
305085,357345,NaN
305085,357335,NaN
305085,357325,NaN
305085,357315,NaN
305085,357305,NaN
305085,357295,NaN
305085,357285,385.3657
305085,357275,385.0263
305085,357265,383.7105
305085,357255,286.9280
305085,357245,NaN
305085,357235,NaN
305085,357225,NaN
305085,357215,NaN
305085,357205,NaN
305085,357195,NaN
305085,357185,NaN
305085,357175,NaN
305085,357165,NaN
305085,357155,NaN
305085,357145,353.7079
305085,357135,354.5357
305085,357125,354.6312
305085,357115,354.7724
305085,357105,354.9061
305085,357095,354.8337
305085,357085,354.6927
305085,357075,354.6051
305085,357065,352.3356
305085,357055,345.1990
305085,357045,345.5234
305085,357035,349.3417
305085,357025,354.8384
305085,357015,355.2543
305085,357005,356.0363
305085,356995,356.9557
305085,356985,357.6920
305085,356975,358.5809
305085,356965,359.4850
305085,356955,360.4197
305085,356945,361.9188
305085,356935,366.1262
305085,356925,-171.0892
305085,356915,-363.3689
305085,356905,NaN
305085,356895,NaN
305085,356885,NaN
305085,356875,NaN
305085,356865,-1279.8185
305085,356855,-1290.9526
305085,356845,-1303.7651
305085,356835,-1314.3804
305085,356825,-1324.9729
305085,356815,-1329.7750
305085,356805,-1335.1418
305085,356795,-1340.8136
305085,356785,-1346.2719
305085,356775,-1351.3411
305085,356765,-1357.2876
305085,356755,-1365.0270
305085,356745,-1371.3168
305085,356735,-1375.6536
305085,356725,-1381.0203
305085,356715,-1388.4087
305085,356705,-1399.5657
305085,356695,-1407.1143
305085,356685,-1415.8758
305085,356675,NaN
305085,356665,NaN
305085,356655,-1445.2578
305085,356645,NaN
305085,356635,NaN
305085,356625,NaN
305085,356615,NaN
305085,356605,NaN
305085,356595,NaN
305085,356585,NaN
305085,356575,NaN
305085,356565,NaN
305085,356555,NaN
305085,356545,NaN
305085,356535,NaN
305085,356525,NaN
305085,356515,NaN
305085,356505,NaN
305085,356495,NaN
305085,356485,NaN
305085,356475,-2353.5316
305085,356465,NaN
305085,356455,-2357.6434
305085,356445,-2358.7227
305085,356435,-2358.9170
305085,356425,-2358.5927
305085,356415,-2358.4132
305085,356405,-2357.7685
305085,356395,-2357.4290
305085,356385,-2356.6697
305085,356375,-2356.0708
305085,356365,-2355.1590
305085,356355,NaN
305085,356345,NaN
305085,356335,NaN
305085,356325,NaN
305085,356315,NaN
305085,356305,NaN
305085,356295,NaN
305085,356285,NaN
305085,356275,NaN
305085,356265,NaN
305085,356255,NaN
305085,356245,NaN
305085,356235,NaN
305085,356225,NaN
305085,356215,NaN
305085,356205,NaN
305085,356195,NaN
305085,356185,NaN
305085,356175,NaN
305085,356165,NaN
305085,356155,NaN
305085,356145,NaN
305085,356135,NaN
305085,356125,NaN
305085,356115,-1082.2660
305085,356105,-704.6674
305085,356095,-499.5483
305085,356085,-463.5441
305085,356075,-431.4535
305085,356065,-417.7635
305085,356055,-407.5980
305085,356045,-395.2354
305085,356035,-373.4132
305085,356025,-349.5616
305085,356015,-335.9785
305085,356005,-313.8053
305085,355995,-300.8629
305085,355985,-286.0668
305085,355975,-267.1434
305085,355965,-252.9576
305085,355955,-244.6154
305085,355945,-232.6419
305085,355935,-220.9354
305085,355925,-209.2747
305085,355915,-196.8282
305085,355905,-190.4466
305085,355895,-182.1196
305085,355885,-175.3108
305085,355875,-170.2414
305085,355865,-165.3016
305085,355855,-160.0414
305085,355845,-152.2561
305085,355835,-139.9165
305085,355825,-134.4961
305085,355815,-119.5779
305085,355805,-109.9540
305085,355795,-104.2895
305085,355785,-94.5970
305085,355775,-83.7831
305085,355765,-74.3881
305085,355755,-61.0262
305085,355745,-45.7571
305085,355735,-34.1345
305085,355725,-25.6245
305085,355715,-15.3674
305085,355705,-8.1390
305085,355695,-2.9628
305085,355685,3.3044
305085,355675,8.8239
305085,355665,14.1222
305085,355655,19.5121
305085,355645,27.0075
305085,355635,44.1381
305085,355625,102.6319
305085,355615,84.3954
305085,355605,70.0801
305085,355595,75.9353
305085,355585,87.7181
305085,355575,99.0127
305085,355565,109.4528
305085,355555,126.0875
305085,355545,134.5899
305085,355535,146.3269
305085,355525,153.9596
305085,355515,161.1727
305085,355505,167.4399
305085,355495,174.8514
305085,355485,182.9342
305085,355475,190.8187
305085,355465,196.8417
305085,355455,205.9621
305085,355445,214.7544
305085,355435,222.5015
305085,355425,230.8819
305085,355415,240.4752
305085,355405,250.2058
305085,355395,256.9994
305085,355385,265.2653
305085,355375,274.6679
305085,355365,283.0406
305085,355355,293.4197
305085,355345,304.1421
305085,355335,313.0336
305085,355325,321.3224
305085,355315,331.4268
305085,355305,339.3418
305085,355295,348.9580
305085,355285,355.1870
305085,355275,363.6742
305085,355265,375.3196
305085,355255,382.5480
305085,355245,395.8718
305085,355235,400.5827
305085,355225,402.7609
305085,355215,404.2677
305085,355205,407.8266
305085,355195,413.5674
305085,355185,417.9808
305085,355175,421.1812
305085,355165,425.9760
305085,355155,431.0912
305085,355145,435.2376
305085,355135,434.7761
305085,355125,432.4914
305085,355115,431.8240
305085,355105,430.6989
305085,355095,428.9559
305085,355085,436.8785
305085,355075,446.8380
305085,355065,448.6957
305085,355055,446.1898
305085,355045,438.0843
305085,355035,421.3659
305085,355025,426.0615
305085,355015,433.5035
305085,355005,445.9577
305085,354995,454.5669
305085,354985,457.9732
305085,354975,458.5112
305085,354965,457.2106
305085,354955,460.6628
305085,354945,462.3755
305085,354935,463.6611
305085,354925,465.1832
305085,354915,462.8985
305085,354905,465.0919
305085,354895,470.4207
305085,354885,473.3388
198490,458727,144786.2701
198490,458717,NaN
198490,000000,NaN