111111,222222,333333.3333
198490,479607,144637.4512
198490,479597,144637.1918
198490,479587,144635.6812
198490,479577,144637.7563
198490,479567,144638.0920
198490,479557,144638.2751
198490,479547,144637.7258
198490,479537,144638.4125
198490,479527,144637.7258
198490,479517,144636.9019
198490,479507,144638.4430
198490,479497,144639.6484
198490,479487,144640.0299
198490,479477,144640.2893
198490,479467,144640.9912
198490,479457,144641.0828
198490,479447,144640.0452
198490,479437,144638.6414
198490,479427,144635.1318
198490,479417,144634.0942
198490,479407,144635.9253
198490,479397,144635.8948
198490,479387,144636.6119
198490,479377,144639.1296
198490,479367,144640.0757
198490,479357,144641.2659
198490,479347,144640.9607
198490,479337,144638.2751
198490,479327,144638.3667
198490,479317,144640.4724
198490,479307,144640.7776
198490,479297,144640.8081
198490,479287,144641.3574
198490,479277,144640.8997
198490,479267,144640.7166
198490,479257,144640.8081
198490,479247,144641.6168
198490,479237,144643.0206
198490,479227,144641.8457
198490,479217,144640.4724
198490,479207,144639.8621
198490,479197,144640.7166
198490,479187,144641.9983
198490,479177,144641.5405
198490,479167,144641.7847
198490,479157,144642.9596
198490,479147,144643.4631
198490,479137,144644.5160
198490,479127,144645.2332
198490,479117,144645.4620
198490,479107,144645.2637
198490,479097,144646.1487
198490,479087,144646.8811
198490,479077,144646.3928
198490,479067,144645.4926
198490,479057,144646.3928
198490,479047,144647.6593
198490,479037,144647.2626
198490,479027,144647.1405
198490,479017,144647.5830
198490,479007,144647.7356
198490,478997,144647.3083
198490,478987,144646.9421
198490,478977,144646.0419
198490,478967,144646.1182
198490,478957,144645.7520
198490,478947,144646.1182
198490,478937,144647.0642
198490,478927,144646.3165
198490,478917,144644.2871
198490,478907,144646.6522
198490,478897,144639.8468
198490,478887,144640.5792
198490,478877,144644.1345
198490,478867,144644.1345
198490,478857,144644.6533
198490,478847,144646.6064
198490,478837,144647.1100
198490,478827,144648.1323
198490,478817,144648.5596
198490,478807,144647.6288
198490,478797,144647.1558
198490,478787,144647.6440
198490,478777,144648.1934
198490,478767,144649.3835
198490,478757,144649.7192
198490,478747,144649.9634
198490,478737,144649.9939
198490,478727,144649.7345
198490,478717,144648.6816
198490,478707,144647.2168
198490,478697,144634.9792
198490,478687,144627.3499
198490,478677,144622.2382
198490,478667,NaN
198490,478657,NaN
198490,478647,144580.7953
198490,478637,144570.3583
198490,478627,144560.3027
198490,478617,144551.2238
198490,478607,144544.1742
198490,478597,144539.3829
198490,478587,144535.6598
198490,478577,144530.9296
198490,478567,144523.4528
198490,478557,144516.7999
198490,478547,144512.6038
198490,478537,144500.9460
198490,478527,144493.0267
198490,478517,NaN
198490,478507,144470.3369
198490,478497,144461.9141
198490,478487,144451.6602
198490,478477,144442.6727
198490,478467,NaN
198490,478457,NaN
198490,478447,NaN
198490,478437,NaN
198490,478427,NaN
198490,478417,NaN
198490,478407,NaN
198490,478397,NaN
198490,478387,144439.2090
198490,478377,144599.3042
198490,478367,144606.7810
198490,478357,144610.9467
198490,478347,144623.7793
198490,478337,144629.3640
198490,478327,144631.9275
198490,478317,144631.5613
198490,478307,144627.9602
198490,478297,144626.1139
198490,478287,144622.1466
198490,478277,144621.6278
198490,478267,144620.5750
198490,478257,144618.5150
198490,478247,144612.7472
198490,478237,144608.7494
198490,478227,144605.4688
198490,478217,144604.0649
198490,478207,144603.6835
198490,478197,144603.3478
198490,478187,144602.9358
198490,478177,144603.2715
198490,478167,144603.5461
198490,478157,144604.3701
198490,478147,144604.0955
198490,478137,144602.9205
198490,478127,144601.4099
198490,478117,144600.0366
198490,478107,144599.9298
198490,478097,144599.1211
198490,478087,144599.0906
198490,478077,144599.6399
198490,478067,144600.6927
198490,478057,144601.7609
198490,478047,144600.6165
198490,478037,144601.3184
198490,478027,144600.2502
198490,478017,144599.7314
198490,478007,144599.6552
198490,477997,144599.5483
198490,477987,144599.4415
198490,477977,144599.1364
198490,477967,144599.6399
198490,477957,144600.0366
198490,477947,144600.6012
198490,477937,144601.2726
198490,477927,144600.3876
198490,477917,144600.1892
198490,477907,144599.9146
198490,477897,144598.0682
198490,477887,144595.7184
198490,477877,144598.6176
198490,477867,144600.4639
198490,477857,144601.4709
198490,477847,144601.1963
198490,477837,144601.8982
198490,477827,144601.2878
198490,477817,144600.1434
198490,477807,144599.1364
198490,477797,144597.9767
198490,477787,144597.6410
198490,477777,144597.1375
198490,477767,144596.6644
198490,477757,144596.7712
198490,477747,144596.8933
198490,477737,144596.8018
198490,477727,144596.5424
198490,477717,144596.0999
198490,477707,144596.3745
198490,477697,144597.6563
198490,477687,144598.3582
198490,477677,144598.0682
198490,477667,144597.9004
198490,477657,144597.9462
198490,477647,144598.3734
198490,477637,144598.2513
198490,477627,144596.0999
198490,477617,144597.3511
198490,477607,144597.9004
198490,477597,144598.1445
198490,477587,144597.9919
198490,477577,144597.0612
198490,477567,144596.2219
198490,477557,144597.8546
198490,477547,144599.0448
198490,477537,144598.9380
198490,477527,144598.8159
198490,477517,144598.4650
198490,477507,144597.9919
198490,477497,144598.9227
198490,477487,144598.6786
198490,477477,144599.5331
198490,477467,144600.5096
198490,477457,144599.4263
198490,477447,144598.7701
198490,477437,144598.5413
198490,477427,144599.1669
198490,477417,144599.3195
198490,477407,144599.3347
198490,477397,144599.6246
198490,477387,144600.1892
198490,477377,144600.0061
198490,477367,144600.0519
198490,477357,144599.9298
198490,477347,144600.4944
198490,477337,144600.7843
198490,477327,144601.5625
198490,477317,144602.4780
198490,477307,144606.3538
198490,477297,144603.9124
198490,477287,144600.7538
198490,477277,144599.5331
198490,477267,144602.1729
198490,477257,144602.4475
198490,477247,144601.9897
198490,477237,144602.2949
198490,477227,144598.6633
198490,477217,144524.8260
198490,477207,NaN
198490,477197,NaN
198490,477187,NaN
198490,477177,NaN
198490,477167,NaN
198490,477157,NaN
198490,477147,NaN
198490,477137,NaN
198490,477127,NaN
198490,477117,NaN
198490,477107,NaN
198490,477097,NaN
198490,477087,NaN
198490,477077,NaN
198490,477067,NaN
198490,477057,NaN
198490,477047,NaN
198490,477037,NaN
198490,477027,NaN
198490,477017,NaN
198490,477007,NaN
198490,476997,NaN
198490,476987,NaN
198490,476977,NaN
198490,476967,NaN
198490,476957,NaN
198490,476947,NaN
198490,476937,NaN
198490,476927,NaN
198490,476917,NaN
198490,476907,NaN
198490,476897,NaN
198490,476887,NaN
198490,476877,NaN
198490,476867,NaN
198490,476857,NaN
198490,476847,NaN
198490,476837,NaN
198490,476827,NaN
198490,476817,NaN
198490,476807,NaN
198490,476797,144573.0743
198490,476787,144572.6013
198490,476777,144572.0978
198490,476767,144571.8231
198490,476757,144571.6400
198490,476747,144571.3654
198490,476737,144571.0754
198490,476727,144570.6940
198490,476717,144569.5953
198490,476707,144568.0847
198490,476697,NaN
198490,476687,NaN
198490,476677,144558.6395
198490,476667,144580.0629
198490,476657,144577.8809
198490,476647,144578.6438
198490,476637,144579.2084
198490,476627,144578.9642
198490,476617,144580.2917
198490,476607,144581.3141
198490,476597,144580.7953
198490,476587,NaN
198490,476577,NaN
198490,476567,NaN
198490,476557,NaN
198490,476547,NaN
198490,476537,NaN
198490,476527,NaN
198490,476517,NaN
198490,476507,NaN
198490,476497,NaN
198490,476487,NaN
198490,476477,NaN
198490,476467,NaN
198490,476457,NaN
198490,476447,NaN
198490,476437,NaN
198490,476427,NaN
198490,476417,NaN
198490,476407,NaN
198490,476397,NaN
198490,476387,NaN
198490,476377,NaN
198490,476367,NaN
198490,476357,NaN
198490,476347,NaN
198490,476337,NaN
198490,476327,NaN
198490,476317,NaN
198490,476307,NaN
198490,476297,NaN
198490,476287,NaN
198490,476277,144186.2335
198490,476267,144236.8927
198490,476257,144244.8120
198490,476247,144246.4294
198490,476237,144249.0540
198490,476227,144254.8981
198490,476217,144255.4016
198490,476207,NaN
198490,476197,NaN
198490,476187,NaN
198490,476177,NaN
198490,476167,NaN
198490,476157,NaN
198490,476147,NaN
198490,476137,NaN
198490,476127,NaN
198490,476117,NaN
198490,476107,NaN
198490,476097,NaN
198490,476087,NaN
198490,476077,NaN
198490,476067,NaN
198490,476057,NaN
198490,476047,NaN
198490,476037,NaN
198490,476027,NaN
198490,476017,NaN
198490,476007,NaN
198490,475997,NaN
198490,475987,NaN
198490,475977,NaN
198490,475967,NaN
198490,475957,NaN
198490,475947,NaN
198490,475937,NaN
198490,475927,NaN
198490,475917,NaN
198490,475907,NaN
198490,475897,NaN
198490,475887,NaN
198490,475877,NaN
198490,475867,NaN
198490,475857,NaN
198490,475847,NaN
198490,475837,NaN
198490,475827,NaN
198490,475817,NaN
198490,475807,NaN
198490,475797,NaN
198490,475787,NaN
198490,475777,NaN
198490,475767,NaN
198490,475757,NaN
198490,475747,NaN
198490,475737,NaN
198490,475727,NaN
198490,475717,NaN
198490,475707,NaN
198490,475697,NaN
198490,475687,NaN
198490,475677,NaN
198490,475667,NaN
198490,475657,NaN
198490,475647,NaN
198490,475637,NaN
198490,475627,NaN
198490,475617,NaN
198490,475607,NaN
198490,475597,NaN
198490,475587,NaN
198490,475577,144568.3746
198490,475567,144569.3665
198490,475557,144569.4427
198490,475547,144569.2444
198490,475537,144569.1071
198490,475527,144569.0613
198490,475517,144568.9545
198490,475507,144568.6493
198490,475497,144551.6510
198490,475487,NaN
198490,475477,NaN
198490,475467,144589.7980
198490,475457,144585.1593
198490,475447,144576.9501
198490,475437,144577.6825
198490,475427,144578.2318
198490,475417,144578.5370
198490,475407,144578.5980
198490,475397,144577.5604
198490,475387,144575.3632
198490,475377,144572.5861
198490,475367,144576.8738
198490,475357,NaN
198490,475347,NaN
198490,475337,NaN
198490,475327,NaN
198490,475317,NaN
198490,475307,NaN
198490,475297,NaN
198490,475287,NaN
198490,475277,NaN
198490,475267,NaN
198490,475257,NaN
198490,475247,NaN
198490,475237,NaN
198490,475227,NaN
198490,475217,NaN
198490,475207,NaN
198490,475197,NaN
198490,475187,NaN
198490,475177,NaN
198490,475167,NaN
198490,475157,NaN
198490,475147,NaN
198490,475137,NaN
198490,475127,NaN
198490,475117,NaN
198490,475107,NaN
198490,475097,NaN
198490,475087,NaN
198490,475077,NaN
198490,475067,NaN
198490,475057,NaN
198490,475047,NaN
198490,475037,NaN
198490,475027,NaN
198490,475017,NaN
198490,475007,NaN
198490,474997,NaN
198490,474987,NaN
198490,474977,NaN
198490,474967,NaN
198490,474957,NaN
198490,474947,NaN
198490,474937,NaN
198490,474927,NaN
198490,474917,NaN
198490,474907,NaN
198490,474897,NaN
198490,474887,NaN
198490,474877,NaN
198490,474867,144363.8611
198490,474857,144565.7043
198490,474847,144585.5713
198490,474837,144585.4187
198490,474827,144587.3413
198490,474817,144587.1124
198490,474807,144586.2732
198490,474797,144584.5032
198490,474787,NaN
198490,474777,NaN
198490,474767,NaN
198490,474757,NaN
198490,474747,NaN
198490,474737,NaN
198490,474727,NaN
198490,474717,NaN
198490,474707,NaN
198490,474697,NaN
198490,474687,NaN
198490,474677,NaN
198490,474667,NaN
198490,474657,NaN
198490,474647,NaN
198490,474637,NaN
198490,474627,NaN
198490,474617,NaN
198490,474607,NaN
198490,474597,NaN
198490,474587,NaN
198490,474577,NaN
198490,474567,NaN
198490,474557,NaN
198490,474547,NaN
198490,474537,NaN
198490,474527,NaN
198490,474517,NaN
198490,474507,NaN
198490,474497,NaN
198490,474487,NaN
198490,474477,NaN
198490,474467,NaN
198490,474457,NaN
198490,474447,NaN
198490,474437,NaN
198490,474427,NaN
198490,474417,NaN
198490,474407,NaN
198490,474397,NaN
198490,474387,NaN
198490,474377,NaN
198490,474367,144619.2017
198490,474357,144633.4076
198490,474347,144632.9041
198490,474337,144632.2327
198490,474327,144632.1716
198490,474317,144632.2632
198490,474307,144632.2327
198490,474297,144632.1411
198490,474287,144630.3711
198490,474277,144630.9357
198490,474267,144625.8545
198490,474257,NaN
198490,474247,NaN
198490,474237,144641.9678
198490,474227,144637.7258
198490,474217,144638.0310
198490,474207,144638.4277
198490,474197,144639.0381
198490,474187,144639.0839
198490,474177,144636.5051
198490,474167,144633.9264
198490,474157,144631.4545
198490,474147,NaN
198490,474137,NaN
198490,474127,NaN
198490,474117,NaN
198490,474107,NaN
198490,474097,NaN
198490,474087,NaN
198490,474077,NaN
198490,474067,NaN
198490,474057,NaN
198490,474047,NaN
198490,474037,NaN
198490,474027,NaN
198490,474017,NaN
198490,474007,NaN
198490,473997,NaN
198490,473987,NaN
198490,473977,NaN
198490,473967,NaN
198490,473957,NaN
198490,473947,NaN
198490,473937,NaN
198490,473927,NaN
198490,473917,NaN
198490,473907,NaN
198490,473897,NaN
198490,473887,NaN
198490,473877,NaN
198490,473867,NaN
198490,473857,NaN
198490,473847,NaN
198490,473837,NaN
198490,473827,NaN
198490,473817,NaN
198490,473807,NaN
198490,473797,NaN
198490,473787,NaN
198490,473777,NaN
198490,473767,NaN
198490,473757,NaN
198490,473747,NaN
198490,473737,NaN
198490,473727,NaN
198490,473717,NaN
198490,473707,NaN
198490,473697,NaN
198490,473687,NaN
198490,473677,NaN
198490,473667,144109.3597
198490,473657,144450.9888
198490,473647,144553.8483
198490,473637,144555.2826
198490,473627,144555.4352
198490,473617,NaN
198490,473607,NaN
198490,473597,NaN
198490,473587,NaN
198490,473577,NaN
198490,473567,NaN
198490,473557,NaN
198490,473547,NaN
198490,473537,NaN
198490,473527,NaN
198490,473517,NaN
198490,473507,NaN
198490,473497,NaN
198490,473487,NaN
198490,473477,NaN
198490,473467,NaN
198490,473457,NaN
198490,473447,NaN
198490,473437,NaN
198490,473427,NaN
198490,473417,NaN
198490,473407,NaN
198490,473397,NaN
198490,473387,NaN
198490,473377,NaN
198490,473367,NaN
198490,473357,NaN
198490,473347,NaN
198490,473337,NaN
198490,473327,NaN
198490,473317,NaN
198490,473307,NaN
198490,473297,NaN
198490,473287,NaN
198490,473277,NaN
198490,473267,NaN
198490,473257,NaN
198490,473247,NaN
198490,473237,NaN
198490,473227,NaN
198490,473217,NaN
198490,473207,NaN
198490,473197,144631.3782
198490,473187,144625.8850
198490,473177,144626.0529
198490,473167,144625.2441
198490,473157,144624.9390
198490,473147,144625.0000
198490,473137,144625.0000
198490,473127,144624.8627
198490,473117,144624.8779
198490,473107,144624.2371
198490,473097,144624.1150
198490,473087,144598.9075
198490,473077,NaN
198490,473067,144616.0583
198490,473057,144627.3193
198490,473047,144633.0872
198490,473037,144634.1553
198490,473027,144634.5825
198490,473017,144634.9182
198490,473007,144634.8572
198490,472997,144631.5308
198490,472987,144628.8605
198490,472977,144625.9308
198490,472967,NaN
198490,472957,NaN
198490,472947,NaN
198490,472937,NaN
198490,472927,NaN
198490,472917,NaN
198490,472907,NaN
198490,472897,NaN
198490,472887,NaN
198490,472877,NaN
198490,472867,NaN
198490,472857,NaN
198490,472847,NaN
198490,472837,NaN
198490,472827,NaN
198490,472817,NaN
198490,472807,NaN
198490,472797,NaN
198490,472787,NaN
198490,472777,NaN
198490,472767,NaN
198490,472757,NaN
198490,472747,NaN
198490,472737,NaN
198490,472727,NaN
198490,472717,NaN
198490,472707,NaN
198490,472697,NaN
198490,472687,NaN
198490,472677,NaN
198490,472667,NaN
198490,472657,NaN
198490,472647,NaN
198490,472637,NaN
198490,472627,NaN
198490,472617,NaN
198490,472607,NaN
198490,472597,NaN
198490,472587,NaN
198490,472577,NaN
198490,472567,NaN
198490,472557,NaN
198490,472547,NaN
198490,472537,NaN
198490,472527,NaN
198490,472517,NaN
198490,472507,NaN
198490,472497,NaN
198490,472487,NaN
198490,472477,NaN
198490,472467,144605.8502
198490,472457,144276.4587
198490,472447,144641.7847
198490,472437,144662.8418
198490,472427,144664.3829
198490,472417,144664.8102
198490,472407,144664.6729
198490,472397,144664.1693
198490,472387,NaN
198490,472377,NaN
198490,472367,NaN
198490,472357,NaN
198490,472347,NaN
198490,472337,NaN
198490,472327,NaN
198490,472317,NaN
198490,472307,NaN
198490,472297,NaN
198490,472287,NaN
198490,472277,NaN
198490,472267,NaN
198490,472257,NaN
198490,472247,NaN
198490,472237,NaN
198490,472227,NaN
198490,472217,NaN
198490,472207,NaN
198490,472197,NaN
198490,472187,NaN
198490,472177,NaN
198490,472167,NaN
198490,472157,NaN
198490,472147,NaN
198490,472137,NaN
198490,472127,NaN
198490,472117,NaN
198490,472107,NaN
198490,472097,NaN
198490,472087,NaN
198490,472077,NaN
198490,472067,NaN
198490,472057,NaN
198490,472047,NaN
198490,472037,NaN
198490,472027,NaN
198490,472017,144678.8940
198490,472007,144676.7731
198490,471997,144680.2368
198490,471987,144680.5420
198490,471977,144680.4199
198490,471967,144680.2979
198490,471957,144680.2063
198490,471947,144680.1453
198490,471937,144679.9927
198490,471927,144680.5725
198490,471917,144677.2308
198490,471907,NaN
198490,471897,NaN
198490,471887,144682.5104
198490,471877,144686.4014
198490,471867,144691.1011
198490,471857,144692.1539
198490,471847,144692.6880
198490,471837,144692.9169
198490,471827,144693.2220
198490,471817,144692.8406
198490,471807,144691.4368
198490,471797,144689.2548
198490,471787,144690.1245
198490,471777,NaN
198490,471767,NaN
198490,471757,NaN
198490,471747,NaN
198490,471737,NaN
198490,471727,NaN
198490,471717,NaN
198490,471707,NaN
198490,471697,NaN
198490,471687,NaN
198490,471677,NaN
198490,471667,NaN
198490,471657,NaN
198490,471647,NaN
198490,471637,NaN
198490,471627,NaN
198490,471617,NaN
198490,471607,NaN
198490,471597,NaN
198490,471587,NaN
198490,471577,NaN
198490,471567,NaN
198490,471557,NaN
198490,471547,NaN
198490,471537,NaN
198490,471527,NaN
198490,471517,NaN
198490,471507,NaN
198490,471497,144681.2134
198490,471487,144665.4053
198490,471477,144732.7576
198490,471467,144735.3210
198490,471457,144736.2671
198490,471447,144736.2976
198490,471437,144735.5499
198490,471427,144335.8765
198490,471417,NaN
198490,471407,NaN
198490,471397,NaN
198490,471387,NaN
198490,471377,NaN
198490,471367,NaN
198490,471357,NaN
198490,471347,NaN
198490,471337,NaN
198490,471327,NaN
198490,471317,NaN
198490,471307,NaN
198490,471297,NaN
198490,471287,NaN
198490,471277,NaN
198490,471267,NaN
198490,471257,NaN
198490,471247,NaN
198490,471237,NaN
198490,471227,NaN
198490,471217,NaN
198490,471207,NaN
198490,471197,NaN
198490,471187,NaN
198490,471177,NaN
198490,471167,NaN
198490,471157,NaN
198490,471147,NaN
198490,471137,NaN
198490,471127,NaN
198490,471117,NaN
198490,471107,NaN
198490,471097,NaN
198490,471087,NaN
198490,471077,NaN
198490,471067,NaN
198490,471057,NaN
198490,471047,NaN
198490,471037,NaN
198490,471027,NaN
198490,471017,NaN
198490,471007,NaN
198490,470997,NaN
198490,470987,NaN
198490,470977,NaN
198490,470967,NaN
198490,470957,NaN
198490,470947,NaN
198490,470937,NaN
198490,470927,NaN
198490,470917,NaN
198490,470907,NaN
198490,470897,NaN
198490,470887,NaN
198490,470877,NaN
198490,470867,144694.8090
198490,470857,144694.4885
198490,470847,144695.0073
198490,470837,144694.5953
198490,470827,144694.3207
198490,470817,144694.3665
198490,470807,144694.4580
198490,470797,144694.7174
198490,470787,144694.3054
198490,470777,144694.2444
198490,470767,144692.5659
198490,470757,144675.1099
198490,470747,NaN
198490,470737,144684.6924
198490,470727,144694.2444
198490,470717,144702.9877
198490,470707,144703.3844
198490,470697,144703.7964
198490,470687,144704.2542
198490,470677,144704.8492
198490,470667,144703.8727
198490,470657,144702.3773
198490,470647,144700.4242
198490,470637,NaN
198490,470627,NaN
198490,470617,NaN
198490,470607,NaN
198490,470597,NaN
198490,470587,NaN
198490,470577,NaN
198490,470567,NaN
198490,470557,NaN
198490,470547,NaN
198490,470537,NaN
198490,470527,NaN
198490,470517,NaN
198490,470507,NaN
198490,470497,NaN
198490,470487,NaN
198490,470477,NaN
198490,470467,NaN
198490,470457,NaN
198490,470447,NaN
198490,470437,NaN
198490,470427,NaN
198490,470417,NaN
198490,470407,NaN
198490,470397,NaN
198490,470387,NaN
198490,470377,NaN
198490,470367,NaN
198490,470357,NaN
198490,470347,NaN
198490,470337,NaN
198490,470327,NaN
198490,470317,NaN
198490,470307,NaN
198490,470297,NaN
198490,470287,NaN
198490,470277,NaN
198490,470267,NaN
198490,470257,NaN
198490,470247,NaN
198490,470237,NaN
198490,470227,NaN
198490,470217,NaN
198490,470207,NaN
198490,470197,NaN
198490,470187,144458.0688
198490,470177,144458.2367
198490,470167,144570.1599
198490,470157,144688.8580
198490,470147,144690.1245
198490,470137,144691.1469
198490,470127,144692.2302
198490,470117,144692.5659
198490,470107,NaN
198490,470097,NaN
198490,470087,NaN
198490,470077,NaN
198490,470067,NaN
198490,470057,NaN
198490,470047,NaN
198490,470037,NaN
198490,470027,NaN
198490,470017,NaN
198490,470007,NaN
198490,469997,NaN
198490,469987,NaN
198490,469977,NaN
198490,469967,NaN
198490,469957,NaN
198490,469947,NaN
198490,469937,NaN
198490,469927,NaN
198490,469917,NaN
198490,469907,NaN
198490,469897,NaN
198490,469887,NaN
198490,469877,NaN
198490,469867,NaN
198490,469857,NaN
198490,469847,NaN
198490,469837,NaN
198490,469827,NaN
198490,469817,NaN
198490,469807,NaN
198490,469797,NaN
198490,469787,NaN
198490,469777,NaN
198490,469767,NaN
198490,469757,NaN
198490,469747,NaN
198490,469737,144703.0640
198490,469727,144707.3059
198490,469717,144714.4775
198490,469707,144721.1609
198490,469697,144723.7549
198490,469687,144723.8007
198490,469677,144723.7854
198490,469667,144723.7701
198490,469657,144723.7396
198490,469647,144723.6328
198490,469637,144724.6094
198490,469627,144722.7631
198490,469617,NaN
198490,469607,NaN
198490,469597,144700.3174
198490,469587,144741.0583
198490,469577,144734.2834
198490,469567,144732.9102
198490,469557,144733.3984
198490,469547,144733.8257
198490,469537,144734.1919
198490,469527,144733.8257
198490,469517,144732.0099
198490,469507,144729.8431
198490,469497,144727.6917
198490,469487,NaN
198490,469477,NaN
198490,469467,NaN
198490,469457,NaN
198490,469447,NaN
198490,469437,NaN
198490,469427,NaN
198490,469417,NaN
198490,469407,NaN
198490,469397,NaN
198490,469387,NaN
198490,469377,NaN
198490,469367,NaN
198490,469357,NaN
198490,469347,NaN
198490,469337,NaN
198490,469327,NaN
198490,469317,NaN
198490,469307,NaN
198490,469297,NaN
198490,469287,NaN
198490,469277,NaN
198490,469267,NaN
198490,469257,NaN
198490,469247,NaN
198490,469237,NaN
198490,469227,NaN
198490,469217,NaN
198490,469207,NaN
198490,469197,NaN
198490,469187,NaN
198490,469177,NaN
198490,469167,NaN
198490,469157,NaN
198490,469147,NaN
198490,469137,NaN
198490,469127,NaN
198490,469117,NaN
198490,469107,NaN
198490,469097,NaN
198490,469087,NaN
198490,469077,NaN
198490,469067,NaN
198490,469057,NaN
198490,469047,NaN
198490,469037,NaN
198490,469027,NaN
198490,469017,NaN
198490,469007,NaN
198490,468997,144628.2043
198490,468987,144815.1398
198490,468977,144826.5076
198490,468967,144836.8225
198490,468957,144840.2863
198490,468947,144590.6677
198490,468937,144841.7816
198490,468927,NaN
198490,468917,NaN
198490,468907,NaN
198490,468897,NaN
198490,468887,NaN
198490,468877,NaN
198490,468867,NaN
198490,468857,NaN
198490,468847,NaN
198490,468837,NaN
198490,468827,NaN
198490,468817,NaN
198490,468807,NaN
198490,468797,NaN
198490,468787,NaN
198490,468777,NaN
198490,468767,NaN
198490,468757,NaN
198490,468747,NaN
198490,468737,NaN
198490,468727,NaN
198490,468717,NaN
198490,468707,NaN
198490,468697,NaN
198490,468687,NaN
198490,468677,NaN
198490,468667,NaN
198490,468657,NaN
198490,468647,NaN
198490,468637,NaN
198490,468627,NaN
198490,468617,NaN
198490,468607,NaN
198490,468597,NaN
198490,468587,NaN
198490,468577,NaN
198490,468567,NaN
198490,468557,NaN
198490,468547,NaN
198490,468537,144711.0138
198490,468527,144711.5173
198490,468517,144710.7849
198490,468507,144710.5408
198490,468497,144710.4187
198490,468487,144710.3271
198490,468477,144710.2661
198490,468467,144710.1440
198490,468457,144709.9609
198490,468447,144712.8601
198490,468437,144711.5936
198490,468427,NaN
198490,468417,144688.1561
198490,468407,144728.7598
198490,468397,144722.3816
198490,468387,144718.9026
198490,468377,144719.2993
198490,468367,144719.8181
198490,468357,144720.0012
198490,468347,144719.7876
198490,468337,144717.3004
198490,468327,144715.7440
198490,468317,144601.8982
198490,468307,NaN
198490,468297,NaN
198490,468287,NaN
198490,468277,NaN
198490,468267,NaN
198490,468257,NaN
198490,468247,NaN
198490,468237,NaN
198490,468227,NaN
198490,468217,NaN
198490,468207,NaN
198490,468197,NaN
198490,468187,NaN
198490,468177,NaN
198490,468167,NaN
198490,468157,NaN
198490,468147,NaN
198490,468137,NaN
198490,468127,NaN
198490,468117,NaN
198490,468107,NaN
198490,468097,NaN
198490,468087,NaN
198490,468077,NaN
198490,468067,NaN
198490,468057,NaN
198490,468047,NaN
198490,468037,NaN
198490,468027,NaN
198490,468017,NaN
198490,468007,NaN
198490,467997,NaN
198490,467987,NaN
198490,467977,NaN
198490,467967,NaN
198490,467957,NaN
198490,467947,NaN
198490,467937,NaN
198490,467927,NaN
198490,467917,NaN
198490,467907,NaN
198490,467897,NaN
198490,467887,NaN
198490,467877,NaN
198490,467867,NaN
198490,467857,NaN
198490,467847,NaN
198490,467837,NaN
198490,467827,NaN
198490,467817,NaN
198490,467807,NaN
198490,467797,144101.0742
198490,467787,144108.0627
198490,467777,144134.0942
198490,467767,144423.6145
198490,467757,144790.9393
198490,467747,144793.5638
198490,467737,144794.5404
198490,467727,144794.9219
198490,467717,144626.4343
198490,467707,NaN
198490,467697,NaN
198490,467687,NaN
198490,467677,NaN
198490,467667,NaN
198490,467657,NaN
198490,467647,NaN
198490,467637,NaN
198490,467627,NaN
198490,467617,NaN
198490,467607,NaN
198490,467597,NaN
198490,467587,NaN
198490,467577,NaN
198490,467567,NaN
198490,467557,NaN
198490,467547,NaN
198490,467537,NaN
198490,467527,NaN
198490,467517,NaN
198490,467507,NaN
198490,467497,NaN
198490,467487,NaN
198490,467477,NaN
198490,467467,NaN
198490,467457,NaN
198490,467447,NaN
198490,467437,NaN
198490,467427,NaN
198490,467417,NaN
198490,467407,NaN
198490,467397,NaN
198490,467387,NaN
198490,467377,NaN
198490,467367,NaN
198490,467357,NaN
198490,467347,NaN
198490,467337,144739.4714
198490,467327,144740.7227
198490,467317,144740.9363
198490,467307,144740.6616
198490,467297,144740.2954
198490,467287,144739.8682
198490,467277,144739.5630
198490,467267,144739.4409
198490,467257,144739.0747
198490,467247,144740.1123
198490,467237,144733.4747
198490,467227,NaN
198490,467217,144763.5345
198490,467207,144750.8240
198490,467197,144751.8921
198490,467187,144750.8392
198490,467177,144751.2207
198490,467167,144751.5259
198490,467157,144751.9684
198490,467147,144752.6855
198490,467137,144753.0518
198490,467127,144752.7161
198490,467117,144751.7395
198490,467107,144752.0599
198490,467097,NaN
198490,467087,NaN
198490,467077,NaN
198490,467067,NaN
198490,467057,NaN
198490,467047,NaN
198490,467037,NaN
198490,467027,NaN
198490,467017,NaN
198490,467007,NaN
198490,466997,NaN
198490,466987,NaN
198490,466977,NaN
198490,466967,NaN
198490,466957,NaN
198490,466947,NaN
198490,466937,NaN
198490,466927,NaN
198490,466917,NaN
198490,466907,NaN
198490,466897,NaN
198490,466887,NaN
198490,466877,NaN
198490,466867,NaN
198490,466857,NaN
198490,466847,NaN
198490,466837,NaN
198490,466827,NaN
198490,466817,NaN
198490,466807,NaN
198490,466797,NaN
198490,466787,NaN
198490,466777,NaN
198490,466767,NaN
198490,466757,NaN
198490,466747,NaN
198490,466737,NaN
198490,466727,NaN
198490,466717,NaN
198490,466707,NaN
198490,466697,NaN
198490,466687,NaN
198490,466677,144588.2874
198490,466667,144712.3413
198490,466657,144839.3707
198490,466647,144841.8732
198490,466637,144842.4835
198490,466627,144623.2300
198490,466617,144779.6326
198490,466607,NaN
198490,466597,NaN
198490,466587,NaN
198490,466577,NaN
198490,466567,NaN
198490,466557,NaN
198490,466547,NaN
198490,466537,NaN
198490,466527,NaN
198490,466517,NaN
198490,466507,NaN
198490,466497,NaN
198490,466487,NaN
198490,466477,NaN
198490,466467,NaN
198490,466457,NaN
198490,466447,NaN
198490,466437,NaN
198490,466427,NaN
198490,466417,NaN
198490,466407,NaN
198490,466397,NaN
198490,466387,NaN
198490,466377,NaN
198490,466367,NaN
198490,466357,NaN
198490,466347,NaN
198490,466337,NaN
198490,466327,NaN
198490,466317,NaN
198490,466307,NaN
198490,466297,NaN
198490,466287,144712.5244
198490,466277,144714.2334
198490,466267,144715.9882
198490,466257,144715.5304
198490,466247,144715.3320
198490,466237,144715.2710
198490,466227,144715.2252
198490,466217,144715.1794
198490,466207,144715.1337
198490,466197,144714.7827
198490,466187,144715.6372
198490,466177,NaN
198490,466167,NaN
198490,466157,144736.2366
198490,466147,144729.2786
198490,466137,144728.0273
198490,466127,144728.9886
198490,466117,144729.4617
198490,466107,144729.9194
198490,466097,144730.3772
198490,466087,144728.7140
198490,466077,144726.1658
198490,466067,144726.1200
198490,466057,NaN
198490,466047,NaN
198490,466037,NaN
198490,466027,NaN
198490,466017,NaN
198490,466007,NaN
198490,465997,NaN
198490,465987,NaN
198490,465977,NaN
198490,465967,NaN
198490,465957,NaN
198490,465947,NaN
198490,465937,NaN
198490,465927,NaN
198490,465917,NaN
198490,465907,NaN
198490,465897,NaN
198490,465887,NaN
198490,465877,NaN
198490,465867,NaN
198490,465857,NaN
198490,465847,NaN
198490,465837,NaN
198490,465827,NaN
198490,465817,NaN
198490,465807,NaN
198490,465797,NaN
198490,465787,NaN
198490,465777,NaN
198490,465767,NaN
198490,465757,NaN
198490,465747,NaN
198490,465737,NaN
198490,465727,NaN
198490,465717,NaN
198490,465707,NaN
198490,465697,NaN
198490,465687,NaN
198490,465677,NaN
198490,465667,NaN
198490,465657,NaN
198490,465647,NaN
198490,465637,NaN
198490,465627,NaN
198490,465617,NaN
198490,465607,NaN
198490,465597,NaN
198490,465587,NaN
198490,465577,NaN
198490,465567,NaN
198490,465557,NaN
198490,465547,NaN
198490,465537,NaN
198490,465527,NaN
198490,465517,NaN
198490,465507,NaN
198490,465497,NaN
198490,465487,NaN
198490,465477,144636.0779
198490,465467,144767.4561
198490,465457,144780.5939
198490,465447,144798.9197
198490,465437,144801.3611
198490,465427,144801.3153
198490,465417,144800.8575
198490,465407,144798.9044
198490,465397,NaN
198490,465387,NaN
198490,465377,NaN
198490,465367,NaN
198490,465357,NaN
198490,465347,NaN
198490,465337,NaN
198490,465327,NaN
198490,465317,NaN
198490,465307,NaN
198490,465297,NaN
198490,465287,NaN
198490,465277,NaN
198490,465267,NaN
198490,465257,NaN
198490,465247,NaN
198490,465237,NaN
198490,465227,NaN
198490,465217,NaN
198490,465207,NaN
198490,465197,NaN
198490,465187,NaN
198490,465177,NaN
198490,465167,NaN
198490,465157,NaN
198490,465147,NaN
198490,465137,NaN
198490,465127,NaN
198490,465117,NaN
198490,465107,NaN
198490,465097,144662.3688
198490,465087,144662.4756
198490,465077,144661.9873
198490,465067,144662.0483
198490,465057,144661.6821
198490,465047,144661.6211
198490,465037,144661.5601
198490,465027,144661.3922
198490,465017,144661.3312
198490,465007,144663.9099
198490,464997,144663.3759
198490,464987,144677.5513
198490,464977,144694.4885
198490,464967,144678.8940
198490,464957,144672.6379
198490,464947,144671.2494
198490,464937,144671.9208
198490,464927,144671.7987
198490,464917,144672.0276
198490,464907,144670.8069
198490,464897,144667.5720
198490,464887,144664.9017
198490,464877,144664.6271
198490,464867,NaN
198490,464857,NaN
198490,464847,NaN
198490,464837,NaN
198490,464827,NaN
198490,464817,NaN
198490,464807,NaN
198490,464797,NaN
198490,464787,NaN
198490,464777,NaN
198490,464767,NaN
198490,464757,NaN
198490,464747,NaN
198490,464737,NaN
198490,464727,NaN
198490,464717,NaN
198490,464707,NaN
198490,464697,NaN
198490,464687,NaN
198490,464677,NaN
198490,464667,NaN
198490,464657,NaN
198490,464647,NaN
198490,464637,NaN
198490,464627,NaN
198490,464617,NaN
198490,464607,NaN
198490,464597,NaN
198490,464587,NaN
198490,464577,NaN
198490,464567,NaN
198490,464557,NaN
198490,464547,NaN
198490,464537,NaN
198490,464527,NaN
198490,464517,NaN
198490,464507,NaN
198490,464497,NaN
198490,464487,NaN
198490,464477,NaN
198490,464467,NaN
198490,464457,NaN
198490,464447,NaN
198490,464437,NaN
198490,464427,NaN
198490,464417,NaN
198490,464407,NaN
198490,464397,NaN
198490,464387,144602.6306
198490,464377,144707.6874
198490,464367,144733.7646
198490,464357,144735.3516
198490,464347,144735.9314
198490,464337,144735.6720
198490,464327,NaN
198490,464317,NaN
198490,464307,NaN
198490,464297,NaN
198490,464287,NaN
198490,464277,NaN
198490,464267,NaN
198490,464257,NaN
198490,464247,NaN
198490,464237,NaN
198490,464227,NaN
198490,464217,NaN
198490,464207,NaN
198490,464197,NaN
198490,464187,NaN
198490,464177,NaN
198490,464167,NaN
198490,464157,NaN
198490,464147,NaN
198490,464137,NaN
198490,464127,NaN
198490,464117,NaN
198490,464107,NaN
198490,464097,NaN
198490,464087,NaN
198490,464077,NaN
198490,464067,NaN
198490,464057,NaN
198490,464047,NaN
198490,464037,NaN
198490,464027,NaN
198490,464017,NaN
198490,464007,NaN
198490,463997,NaN
198490,463987,NaN
198490,463977,NaN
198490,463967,NaN
198490,463957,NaN
198490,463947,144733.1238
198490,463937,144732.2845
198490,463927,144732.1930
198490,463917,144731.9641
198490,463907,144731.9946
198490,463897,144731.7505
198490,463887,144731.5369
198490,463877,144731.3080
198490,463867,144731.8726
198490,463857,144730.2551
198490,463847,144729.3091
198490,463837,144731.2469
198490,463827,144741.2872
198490,463817,144737.7319
198490,463807,144744.9646
198490,463797,144745.1172
198490,463787,144745.6970
198490,463777,144745.9717
198490,463767,144746.5210
198490,463757,144746.2158
198490,463747,144744.9036
198490,463737,144744.3237
198490,463727,144744.0796
198490,463717,NaN
198490,463707,NaN
198490,463697,NaN
198490,463687,NaN
198490,463677,NaN
198490,463667,NaN
198490,463657,NaN
198490,463647,NaN
198490,463637,NaN
198490,463627,NaN
198490,463617,NaN
198490,463607,NaN
198490,463597,NaN
198490,463587,NaN
198490,463577,NaN
198490,463567,NaN
198490,463557,NaN
198490,463547,NaN
198490,463537,NaN
198490,463527,NaN
198490,463517,NaN
198490,463507,NaN
198490,463497,NaN
198490,463487,NaN
198490,463477,NaN
198490,463467,NaN
198490,463457,NaN
198490,463447,NaN
198490,463437,NaN
198490,463427,NaN
198490,463417,NaN
198490,463407,NaN
198490,463397,NaN
198490,463387,NaN
198490,463377,NaN
198490,463367,NaN
198490,463357,NaN
198490,463347,NaN
198490,463337,NaN
198490,463327,144547.7600
198490,463317,144709.3811
198490,463307,144776.3062
198490,463297,144777.9083
198490,463287,144776.9928
198490,463277,144763.1226
198490,463267,144753.8757
198490,463257,NaN
198490,463247,NaN
198490,463237,NaN
198490,463227,NaN
198490,463217,NaN
198490,463207,NaN
198490,463197,NaN
198490,463187,NaN
198490,463177,NaN
198490,463167,NaN
198490,463157,NaN
198490,463147,NaN
198490,463137,NaN
198490,463127,NaN
198490,463117,NaN
198490,463107,NaN
198490,463097,NaN
198490,463087,NaN
198490,463077,NaN
198490,463067,NaN
198490,463057,NaN
198490,463047,NaN
198490,463037,NaN
198490,463027,NaN
198490,463017,NaN
198490,463007,NaN
198490,462997,NaN
198490,462987,NaN
198490,462977,NaN
198490,462967,NaN
198490,462957,NaN
198490,462947,NaN
198490,462937,NaN
198490,462927,NaN
198490,462917,NaN
198490,462907,NaN
198490,462897,NaN
198490,462887,NaN
198490,462877,NaN
198490,462867,NaN
198490,462857,NaN
198490,462847,NaN
198490,462837,NaN
198490,462827,NaN
198490,462817,NaN
198490,462807,144773.9105
198490,462797,144780.9143
198490,462787,144776.3672
198490,462777,144781.4636
198490,462767,144782.0435
198490,462757,144781.3721
198490,462747,144781.1737
198490,462737,144781.2653
198490,462727,144781.0211
198490,462717,144780.7007
198490,462707,144777.9541
198490,462697,144774.4598
198490,462687,NaN
198490,462677,144785.8734
198490,462667,144780.3802
198490,462657,144785.7513
198490,462647,144787.1857
198490,462637,144788.6963
198490,462627,144789.1541
198490,462617,144789.7339
198490,462607,144790.1001
198490,462597,144789.8407
198490,462587,144788.7115
198490,462577,144787.5366
198490,462567,144746.1548
198490,462557,NaN
198490,462547,NaN
198490,462537,NaN
198490,462527,NaN
198490,462517,NaN
198490,462507,NaN
198490,462497,NaN
198490,462487,NaN
198490,462477,NaN
198490,462467,NaN
198490,462457,NaN
198490,462447,NaN
198490,462437,NaN
198490,462427,NaN
198490,462417,NaN
198490,462407,NaN
198490,462397,NaN
198490,462387,NaN
198490,462377,NaN
198490,462367,NaN
198490,462357,NaN
198490,462347,NaN
198490,462337,NaN
198490,462327,NaN
198490,462317,NaN
198490,462307,NaN
198490,462297,NaN
198490,462287,NaN
198490,462277,NaN
198490,462267,NaN
198490,462257,NaN
198490,462247,NaN
198490,462237,NaN
198490,462227,NaN
198490,462217,NaN
198490,462207,NaN
198490,462197,NaN
198490,462187,144552.2156
198490,462177,144786.3159
198490,462167,144790.3290
198490,462157,144794.1895
198490,462147,144795.7611
198490,462137,144795.6238
198490,462127,144373.3978
198490,462117,NaN
198490,462107,NaN
198490,462097,NaN
198490,462087,NaN
198490,462077,NaN
198490,462067,NaN
198490,462057,NaN
198490,462047,NaN
198490,462037,NaN
198490,462027,NaN
198490,462017,NaN
198490,462007,NaN
198490,461997,NaN
198490,461987,NaN
198490,461977,NaN
198490,461967,NaN
198490,461957,NaN
198490,461947,NaN
198490,461937,NaN
198490,461927,NaN
198490,461917,NaN
198490,461907,NaN
198490,461897,NaN
198490,461887,NaN
198490,461877,NaN
198490,461867,NaN
198490,461857,NaN
198490,461847,NaN
198490,461837,NaN
198490,461827,NaN
198490,461817,NaN
198490,461807,NaN
198490,461797,NaN
198490,461787,NaN
198490,461777,NaN
198490,461767,NaN
198490,461757,NaN
198490,461747,NaN
198490,461737,NaN
198490,461727,NaN
198490,461717,NaN
198490,461707,NaN
198490,461697,NaN
198490,461687,NaN
198490,461677,NaN
198490,461667,NaN
198490,461657,NaN
198490,461647,144722.7325
198490,461637,144722.4426
198490,461627,144722.5952
198490,461617,144722.1069
198490,461607,144721.8018
198490,461597,144721.7102
198490,461587,144721.4966
198490,461577,144721.2524
198490,461567,144721.5729
198490,461557,144720.7031
198490,461547,NaN
198490,461537,NaN
198490,461527,NaN
198490,461517,144720.9625
198490,461507,144735.9619
198490,461497,144731.3995
198490,461487,144731.0791
198490,461477,144731.4148
198490,461467,144731.6589
198490,461457,144730.2856
198490,461447,144726.3184
198490,461437,144724.1516
198490,461427,144725.9521
198490,461417,NaN
198490,461407,NaN
198490,461397,NaN
198490,461387,NaN
198490,461377,NaN
198490,461367,NaN
198490,461357,NaN
198490,461347,NaN
198490,461337,NaN
198490,461327,NaN
198490,461317,NaN
198490,461307,NaN
198490,461297,NaN
198490,461287,NaN
198490,461277,NaN
198490,461267,NaN
198490,461257,NaN
198490,461247,NaN
198490,461237,NaN
198490,461227,NaN
198490,461217,NaN
198490,461207,NaN
198490,461197,NaN
198490,461187,NaN
198490,461177,144619.0338
198490,461167,NaN
198490,461157,NaN
198490,461147,144792.7094
198490,461137,144795.1813
198490,461127,144516.1133
198490,461117,144685.3027
198490,461107,144793.4723
198490,461097,NaN
198490,461087,NaN
198490,461077,NaN
198490,461067,NaN
198490,461057,NaN
198490,461047,NaN
198490,461037,NaN
198490,461027,NaN
198490,461017,NaN
198490,461007,NaN
198490,460997,NaN
198490,460987,NaN
198490,460977,NaN
198490,460967,NaN
198490,460957,NaN
198490,460947,NaN
198490,460937,NaN
198490,460927,NaN
198490,460917,NaN
198490,460907,NaN
198490,460897,NaN
198490,460887,NaN
198490,460877,NaN
198490,460867,NaN
198490,460857,NaN
198490,460847,NaN
198490,460837,NaN
198490,460827,NaN
198490,460817,NaN
198490,460807,NaN
198490,460797,NaN
198490,460787,NaN
198490,460777,NaN
198490,460767,NaN
198490,460757,NaN
198490,460747,NaN
198490,460737,NaN
198490,460727,NaN
198490,460717,NaN
198490,460707,NaN
198490,460697,NaN
198490,460687,NaN
198490,460677,NaN
198490,460667,NaN
198490,460657,NaN
198490,460647,NaN
198490,460637,NaN
198490,460627,NaN
198490,460617,NaN
198490,460607,NaN
198490,460597,NaN
198490,460587,NaN
198490,460577,NaN
198490,460567,NaN
198490,460557,NaN
198490,460547,144754.9438
198490,460537,144757.1869
198490,460527,144755.1422
198490,460517,144754.8218
198490,460507,144754.4708
198490,460497,144754.3945
198490,460487,144754.3030
198490,460477,144754.1504
198490,460467,144753.8147
198490,460457,144755.8441
198490,460447,144767.6392
198490,460437,144758.5602
198490,460427,144743.4998
198490,460417,144752.9755
198490,460407,144761.0779
198490,460397,144761.8561
198490,460387,144762.3596
198490,460377,144762.8479
198490,460367,144763.2446
198490,460357,144763.6414
198490,460347,144763.7939
198490,460337,144763.6414
198490,460327,144770.4620
198490,460317,NaN
198490,460307,NaN
198490,460297,NaN
198490,460287,NaN
198490,460277,NaN
198490,460267,NaN
198490,460257,NaN
198490,460247,NaN
198490,460237,NaN
198490,460227,NaN
198490,460217,NaN
198490,460207,NaN
198490,460197,NaN
198490,460187,NaN
198490,460177,NaN
198490,460167,NaN
198490,460157,NaN
198490,460147,NaN
198490,460137,NaN
198490,460127,NaN
198490,460117,NaN
198490,460107,NaN
198490,460097,NaN
198490,460087,NaN
198490,460077,NaN
198490,460067,NaN
198490,460057,NaN
198490,460047,NaN
198490,460037,NaN
198490,460027,NaN
198490,460017,NaN
198490,460007,NaN
198490,459997,NaN
198490,459987,NaN
198490,459977,NaN
198490,459967,NaN
198490,459957,NaN
198490,459947,NaN
198490,459937,NaN
198490,459927,NaN
198490,459917,NaN
198490,459907,NaN
198490,459897,NaN
198490,459887,NaN
198490,459877,144358.9325
198490,459867,144565.0024
198490,459857,144773.5901
198490,459847,144795.6848
198490,459837,144796.9971
198490,459827,144798.8281
198490,459817,144534.6375
198490,459807,144800.5066
198490,459797,NaN
198490,459787,NaN
198490,459777,NaN
198490,459767,NaN
198490,459757,NaN
198490,459747,NaN
198490,459737,NaN
198490,459727,NaN
198490,459717,NaN
198490,459707,NaN
198490,459697,NaN
198490,459687,NaN
198490,459677,NaN
198490,459667,NaN
198490,459657,NaN
198490,459647,NaN
198490,459637,NaN
198490,459627,NaN
198490,459617,NaN
198490,459607,NaN
198490,459597,NaN
198490,459587,NaN
198490,459577,NaN
198490,459567,NaN
198490,459557,NaN
198490,459547,NaN
198490,459537,NaN
198490,459527,NaN
198490,459517,NaN
198490,459507,NaN
198490,459497,NaN
198490,459487,NaN
198490,459477,NaN
198490,459467,NaN
198490,459457,NaN
198490,459447,NaN
198490,459437,NaN
198490,459427,NaN
198490,459417,NaN
198490,459407,NaN
198490,459397,NaN
198490,459387,NaN
198490,459377,NaN
198490,459367,NaN
198490,459357,NaN
198490,459347,NaN
198490,459337,144731.5826
198490,459327,144733.2458
198490,459317,144733.8409
198490,459307,144734.4055
198490,459297,144734.1614
198490,459287,144733.7341
198490,459277,144733.2764
198490,459267,144732.9102
198490,459257,144732.5134
198490,459247,144730.4840
198490,459237,144735.4431
198490,459227,144721.8933
198490,459217,NaN
198490,459207,144720.1233
198490,459197,144732.9712
198490,459187,144741.7450
198490,459177,144741.7145
198490,459167,144742.1722
198490,459157,144742.4774
198490,459147,144742.7673
198490,459137,144742.5842
198490,459127,144741.8823
198490,459117,144740.7227
198490,459107,NaN
198490,459097,NaN
198490,459087,NaN
198490,459077,NaN
198490,459067,NaN
198490,459057,NaN
198490,459047,NaN
198490,459037,NaN
198490,459027,NaN
198490,459017,NaN
198490,459007,NaN
198490,458997,NaN
198490,458987,NaN
198490,458977,NaN
198490,458967,NaN
198490,458957,NaN
198490,458947,NaN
198490,458937,NaN
198490,458927,NaN
198490,458917,NaN
198490,458907,NaN
198490,458897,NaN
198490,458887,NaN
198490,458877,NaN
198490,458867,NaN
198490,458857,NaN
198490,458847,NaN
198490,458837,NaN
198490,458827,NaN
198490,458817,NaN
198490,458807,144747.2382
198490,458797,144746.8262
198490,458787,144772.2931
198490,458777,144778.2593
198490,458767,144786.2701
198490,458757,144788.3148
198490,458747,144789.6423
198490,458737,144789.6576
198490,458727,144786.2701
198490,458717,NaN

