0,0,0.000000
Next Group
166686,541716,1451.008300
166686,541706,1450.510300
166686,541696,1450.027500
166686,541686,1450.627900
166686,541676,1450.343500
166686,541666,1449.860700
166686,541656,1450.186600
166686,541646,1450.192100
166686,541636,1450.334900
166686,541626,1449.958900
166686,541616,1449.216700
166686,541606,1449.512100
166686,541596,1448.754700
166686,541586,1449.172100
166686,541576,1449.055600
166686,541566,1449.472900
166686,541556,1449.386800
166686,541546,1449.377100
166686,541536,1449.275700
166686,541526,1449.189700
166686,541516,1448.752600
166686,541506,1448.788600
166686,541496,1448.641500
166686,541486,1448.402900
166686,541476,1448.637200
166686,541466,1447.742500
166686,541456,1448.068400
166686,541446,1448.348500
166686,541436,1448.064100
166686,541426,1447.535500
166686,541416,1447.815500
166686,541406,1447.592100
166686,541396,1447.597600
166686,541386,1447.938800
166686,541376,1447.700100
166686,541366,1447.385200
166686,541356,1446.978700
166686,541346,1447.197800
166686,541336,1447.371100
166686,541326,1447.071400
166686,541316,1446.817500
166686,541306,1447.204500
166686,541296,1447.011600
166686,541286,1446.437200
166686,541276,1446.213800
166686,541266,1446.661700
166686,541256,1446.560400
166686,541246,1446.535300
166686,541236,1445.884700
166686,541226,1445.691800
166686,541216,1445.575200
166686,541206,1446.053700
166686,541196,1445.906600
166686,541186,1446.339400
166686,541176,1446.451700
166686,541166,1445.663700
166686,541156,1445.638700
166686,541146,1445.720300
166686,541136,1445.863100
166686,541126,1445.960200
166686,541116,1445.721500
166686,541106,1445.452300
166686,541096,1444.771200
166686,541086,1444.975000
166686,541076,1444.583800
166686,541066,1444.558700
166686,541056,1444.533700
166686,541046,1444.310300
166686,541036,1444.331000
166686,541026,1444.519600
166686,541016,1444.525000
166686,541006,1444.408400
166686,540996,1444.413900
166686,540986,1443.976900
166686,540976,1443.875600
166686,540966,1443.789500
166686,540956,1444.680000
166686,540946,1444.273500
166686,540936,1444.233200
166686,540926,1443.841900
166686,540916,1443.633800
166686,540906,1443.074700
166686,540896,1443.644800
166686,540886,1443.741700
166686,540876,1443.701400
166686,540866,1443.508500
166686,540856,1443.529200
166686,540846,1443.092200
166686,540836,1443.097700
166686,540826,1443.332100
166686,540816,1443.429100
166686,540806,1442.900500
166686,540796,1442.631400
166686,540786,1442.453700
166686,540776,1442.535500
166686,540766,1442.525700
166686,540756,1442.317600
166686,540746,1442.185800
166686,540736,1442.114800
166686,540726,1441.769400
166686,540716,1441.851100
166686,540706,1441.627700
166686,540696,1441.389100
166686,540686,1441.501400
166686,540676,1441.567900
166686,540666,1441.283500
166686,540656,1441.212700
166686,540646,1441.370700
166686,540636,1441.452500
166686,540626,1441.274900
166686,540616,1440.944700
166686,540606,1440.507700
166686,540596,1439.902800
166686,540586,1439.954000
166686,540576,1440.371400
166686,540566,1440.392100
166686,540556,1440.626500
166686,540546,1440.509900
166686,540536,1440.225500
166686,540526,1440.292000
166686,540516,1439.763400
166686,540506,1439.570500
166686,540496,1439.759100
166686,540486,1439.978200
166686,540476,1440.105700
166686,540466,1440.004300
166686,540456,1439.918300
166686,540446,1439.588100
166686,540436,1439.379900
166686,540426,1439.110800
166686,540416,1438.994200
166686,540406,1438.969100
166686,540396,1439.264500
166686,540386,1439.453100
166686,540376,1439.077100
166686,540366,1438.899500
166686,540356,1438.538800
166686,540346,1438.727400
166686,540336,1438.305600
166686,540326,1438.555100
166686,540316,1438.469100
166686,540306,1437.833700
166686,540296,1438.037500
166686,540286,1438.378700
166686,540276,1438.964000
166686,540266,1439.259400
166686,540256,1438.761400
166686,540246,1438.461700
166686,540236,1437.917800
166686,540226,1437.953800
166686,540216,1437.760900
166686,540206,1437.537600
166686,540196,1437.359800
166686,540186,1437.060100
166686,540176,1436.836700
166686,540166,1435.255400
166686,540156,1435.886500
166686,540146,1436.258100
166686,540136,1436.126200
166686,540126,1436.330100
166686,540116,1436.533900
166686,540106,1436.173200
166686,540096,1435.476800
166686,540086,1435.360200
166686,540076,1435.579300
166686,540066,1435.874700
166686,540056,1435.651300
166686,540046,1435.565200
166686,540036,1435.784200
166686,540026,1435.545600
166686,540016,1435.398500
166686,540006,1435.541300
166686,539996,1435.714600
166686,539986,1435.231800
166686,539976,1435.161000
166686,539966,1435.029100
166686,539956,1434.409000
166686,539946,1434.536600
166686,539936,1434.679400
166686,539926,1434.425500
166686,539916,1434.095300
166686,539906,1434.070200
166686,539896,1433.923100
166686,539886,1434.126900
166686,539876,1434.284900
166686,539866,1434.168300
166686,539856,1433.624500
166686,539846,1434.026700
166686,539836,1434.001700
166686,539826,1433.671500
166686,539816,1433.722700
166686,539806,1433.270500
166686,539796,1432.986000
166686,539786,1432.518500
166686,539776,1432.951200
166686,539766,1433.017700
166686,539756,1432.840000
166686,539746,1433.104900
166686,539736,1433.034100
166686,539726,1432.673300
166686,539716,1432.511000
166686,539706,1431.814600
166686,539696,1432.293100
166686,539686,1432.557900
166686,539676,1432.273500
166686,539666,1432.401100
166686,539656,1431.521500
166686,539646,1431.939000
166686,539636,1431.517200
166686,539626,1430.118900
166686,539616,1430.750000
166686,539606,1431.243700
166686,539596,1431.203400
166686,539586,1431.269900
166686,539576,1431.244900
166686,539566,1431.418200
166686,539556,1430.996400
166686,539546,1431.124000
166686,539536,1431.053200
166686,539526,1430.143100
166686,539516,1430.163900
166686,539506,1430.550800
166686,539496,1430.541000
166686,539486,1430.592200
166686,539476,1431.421600
166686,539466,1431.503400
166686,539456,1430.669700
166686,539446,1429.942700
166686,539436,1429.353100
166686,539426,1429.511200
166686,539416,1429.470900
166686,539406,1429.903600
166686,539396,1429.726000
166686,539386,1429.487300
166686,539376,1429.737000
166686,539366,1429.116800
166686,539356,1428.878200
166686,539346,1429.082000
166686,539336,1428.828000
166686,539326,1428.604600
166686,539316,1428.121900
166686,539306,1428.112000
166686,539296,1428.331100
166686,539286,1428.336600
166686,539276,1428.235300
166686,539266,1428.195000
166686,539256,1428.383600
166686,539246,1428.206000
166686,539236,1428.058900
166686,539226,1428.018600
166686,539216,1428.161300
166686,539206,1428.136200
166686,539196,1428.034900
166686,539186,1427.781000
166686,539176,1427.267700
166686,539166,1427.090000
166686,539156,1427.202300
166686,539146,1426.734800
166686,539136,1426.755500
166686,539126,1426.547400
166686,539116,1426.324000
166686,539106,1425.978500
166686,539096,1425.923000
166686,539086,1426.813500
166686,539076,1426.315400
166686,539066,1425.634300
166686,539056,1424.937800
166686,539046,1424.210900
166686,539036,1425.315000
166686,539026,1425.671300
166686,539016,1424.853000
166686,539006,1424.385400
166686,538996,1424.360300
166686,538986,1424.304700
166686,538976,1424.676400
166686,538966,1424.132600
166686,538956,1423.924400
166686,538946,1423.411100
166686,538936,1423.080900
166686,538926,1422.628600
166686,538916,1422.176400
166686,538906,1421.678300
166686,538896,1420.814200
166686,538886,1420.209300
166686,538876,1419.116100
166686,538866,1416.954900
166686,538856,1414.824200
166686,538846,1410.130100
166686,538836,1403.834000
166686,538826,1401.566000
166686,538816,1393.820300
166686,538806,1389.034700
166686,538796,1382.723200
166686,538786,1378.639600
166686,538776,1367.109800
166686,538766,1361.988500
166686,538756,1354.883700
166686,538746,1345.749400
166686,538736,1335.455500
166686,538726,1324.734600
166686,538716,1318.850300
166686,538706,1309.395700
166686,538696,1298.461100
166686,538686,1290.333900
166686,538676,1282.527100
166686,538666,1273.103000
166686,538656,1261.909000
166686,538646,1249.189000
166686,538636,1241.718100
166686,538626,1234.842100
166686,538616,1223.358000
166686,538606,1217.153400
166686,538596,1203.502800
166686,538586,1196.352100
166686,538576,1186.836500
166686,538566,1176.496900
166686,538536,1146.958100
Next Group
Next Group
166686,538526,0.000000
166686,538516,0.000000
166686,538506,0.000000
166686,538496,0.000000
166686,538486,0.000000
166686,538476,0.000000
166686,538466,0.000000
166686,538456,0.000000
166686,538446,0.000000
166686,538436,0.000000
166686,538426,0.000000
166686,538416,0.000000
166686,538406,0.000000
166686,538396,0.000000
166686,538386,0.000000
166686,538376,0.000000
166686,538366,0.000000
166686,538356,0.000000
166686,538346,0.000000
166686,538336,0.000000
166686,538326,0.000000
166686,538316,0.000000
166686,538306,0.000000
166686,538296,0.000000
166686,538286,0.000000
166686,538276,0.000000
166686,538266,0.000000
166686,538256,0.000000
166686,538246,0.000000
166686,538236,0.000000
166686,538226,0.000000
166686,538216,0.000000
166686,538206,0.000000
166686,538196,0.000000
166686,538186,0.000000
166686,538176,0.000000
166686,538166,0.000000
166686,538156,0.000000
166686,538146,0.000000
166686,538136,0.000000
166686,538126,0.000000
166686,538116,0.000000
166686,538106,0.000000
166686,538096,0.000000
166686,538086,0.000000
166686,538076,0.000000
166686,538066,0.000000
166686,538056,0.000000
166686,538046,0.000000
166686,538036,0.000000
166686,538026,0.000000
166686,538016,0.000000
166686,538006,0.000000
166686,537996,0.000000
166686,537986,0.000000
166686,537976,0.000000
166686,537966,0.000000
166686,537956,0.000000
166686,537946,0.000000
166686,537936,0.000000
166686,537926,0.000000
166686,537916,0.000000
166686,537906,0.000000
166686,537896,0.000000
166686,537886,0.000000
166686,537876,0.000000
166686,537866,0.000000
166686,537856,0.000000
166686,537846,0.000000
166686,537836,0.000000
166686,537826,0.000000
166686,537816,0.000000
166686,537806,0.000000
166686,537796,0.000000
166686,537786,0.000000
166686,537776,0.000000
166686,537766,0.000000
166686,537756,0.000000
166686,537746,0.000000
166686,537736,0.000000
166686,537726,0.000000
166686,537716,0.000000
166686,537706,0.000000
166686,537696,0.000000
166686,537686,0.000000
166686,537676,0.000000
166686,537666,0.000000
166686,537656,0.000000
166686,537646,0.000000
166686,537636,0.000000
166686,537626,0.000000
166686,537616,0.000000
166686,537606,0.000000
166686,537596,0.000000
166686,537586,0.000000
166686,537576,0.000000
166686,537566,0.000000
166686,537556,0.000000
166686,537546,0.000000
166686,537536,0.000000
166686,537526,0.000000
166686,537516,0.000000
166686,537506,0.000000
166686,537496,0.000000
166686,537486,0.000000
166686,537476,0.000000
166686,537466,0.000000
166686,537456,0.000000
166686,537446,0.000000
166686,537436,0.000000
166686,537426,0.000000
166686,537416,0.000000
166686,537406,0.000000
166686,537396,0.000000
166686,537386,0.000000
166686,537376,0.000000
166686,537366,0.000000
166686,537356,0.000000
166686,537346,0.000000
166686,537336,0.000000
166686,537326,0.000000
166686,537316,0.000000
166686,537306,0.000000
166686,537296,0.000000
166686,537286,0.000000
166686,537276,0.000000
166686,537266,0.000000
166686,537256,0.000000
166686,537246,0.000000
166686,537236,0.000000
166686,537226,0.000000
166686,537216,0.000000
166686,537206,0.000000
166686,537196,0.000000
166686,537186,0.000000
166686,537176,0.000000
166686,537166,0.000000
166686,537156,0.000000
166686,537146,0.000000
166686,537136,0.000000
166686,537126,0.000000
166686,537116,0.000000
166686,537106,0.000000
166686,537096,0.000000
166686,537086,0.000000
166686,537076,0.000000
166686,537066,0.000000
166686,537056,0.000000
166686,537046,0.000000
166686,537036,0.000000
166686,537026,0.000000
166686,537016,0.000000
166686,537006,0.000000
166686,536996,0.000000
166686,536986,0.000000
166686,536976,0.000000
166686,536966,0.000000
166686,536956,0.000000
166686,536946,0.000000
166686,536936,0.000000
166686,536926,0.000000
166686,536916,0.000000
166686,536906,0.000000
166686,536896,0.000000
166686,536886,0.000000
166686,536876,0.000000
166686,536866,0.000000
166686,536856,0.000000
166686,536846,0.000000
166686,536836,0.000000
166686,536826,0.000000
166686,536816,0.000000
166686,536806,0.000000
166686,536796,0.000000
166686,536786,0.000000
166686,536776,0.000000
166686,536766,0.000000
166686,536756,0.000000
166686,536746,0.000000
166686,536736,0.000000
166686,536726,0.000000
166686,536716,0.000000
166686,536706,0.000000
166686,536696,0.000000
166686,536686,0.000000
166686,536676,0.000000
166686,536666,0.000000
166686,536656,0.000000
166686,536646,0.000000
166686,536636,0.000000
166686,536626,0.000000
166686,536616,0.000000
166686,536606,0.000000
166686,536596,0.000000
166686,536586,0.000000
166686,536576,0.000000
166686,536566,0.000000
166686,536556,0.000000
166686,536546,0.000000
166686,536536,0.000000
166686,536526,0.000000
166686,536516,0.000000
166686,536506,0.000000
166686,536496,0.000000
166686,536486,0.000000
166686,536476,0.000000
166686,536466,0.000000
166686,536456,0.000000
166686,536446,0.000000
166686,536436,0.000000
166686,536426,0.000000
166686,536416,0.000000
166686,536406,0.000000
166686,536396,0.000000
166686,536386,0.000000
166686,536376,0.000000
166686,536366,0.000000
166686,536356,0.000000
166686,536346,0.000000
166686,536336,0.000000
166686,536326,0.000000
166686,536316,0.000000
166686,536306,0.000000
166686,536296,0.000000
166686,536286,0.000000
166686,536276,0.000000
166686,536266,0.000000
166686,536256,0.000000
166686,536246,0.000000
166686,536236,0.000000
166686,536226,0.000000
166686,536216,0.000000
166686,536206,0.000000
166686,536196,0.000000
166686,536186,0.000000
166686,536176,0.000000
166686,536166,0.000000
166686,536156,0.000000
166686,536146,0.000000
166686,536136,0.000000
166686,536126,0.000000
166686,536116,0.000000
166686,536106,0.000000
166686,536096,0.000000
166686,536086,0.000000
166686,536076,0.000000
166686,536066,0.000000
166686,536056,0.000000
166686,536046,0.000000
166686,536036,0.000000
166686,536026,0.000000
166686,536016,0.000000
166686,536006,0.000000
166686,535996,0.000000
166686,535986,0.000000
166686,535976,0.000000
166686,535966,0.000000
166686,535956,0.000000
166686,535946,0.000000
166686,535936,0.000000
166686,535926,0.000000
166686,535916,0.000000
166686,535906,0.000000
166686,535896,0.000000
166686,535886,0.000000
166686,535876,0.000000
166686,535866,0.000000
166686,535856,0.000000
166686,535846,0.000000
166686,535836,0.000000
166686,535826,0.000000
166686,535816,0.000000
166686,535806,0.000000
166686,535796,0.000000
166686,535786,0.000000
166686,535776,0.000000
166686,535766,0.000000
166686,535756,0.000000
166686,535746,0.000000
166686,535736,0.000000
166686,535726,0.000000
166686,535716,0.000000
166686,535706,0.000000
166686,535696,0.000000
166686,535686,0.000000
166686,535676,0.000000
166686,535666,0.000000
166686,535656,0.000000
166686,535646,0.000000
166686,535636,0.000000
166686,535626,0.000000
166686,535616,0.000000
166686,535606,0.000000
166686,535596,0.000000
166686,535586,0.000000
166686,535576,0.000000
166686,535566,0.000000
166686,535556,0.000000
166686,535546,0.000000
166686,535536,0.000000
166686,535526,0.000000
166686,535516,0.000000
166686,535506,0.000000
166686,535496,0.000000
166686,535486,0.000000
166686,535476,0.000000
166686,535466,0.000000
166686,535456,0.000000
166686,535446,0.000000
166686,535436,0.000000
166686,535426,0.000000
166686,535416,0.000000
166686,535406,0.000000
166686,535396,0.000000
166686,535386,0.000000
166686,535376,0.000000
166686,535366,0.000000
166686,535356,0.000000
166686,535346,0.000000
166686,535336,0.000000
166686,535326,0.000000
166686,535316,0.000000
166686,535306,0.000000
166686,535296,0.000000
166686,535286,0.000000
166686,535276,0.000000
166686,535266,0.000000
166686,535256,0.000000
166686,535246,0.000000
166686,535236,0.000000
166686,535226,0.000000
166686,535216,0.000000
166686,535206,0.000000
166686,535196,0.000000
166686,535186,0.000000
166686,535176,0.000000
166686,535166,0.000000
166686,535156,0.000000
166686,535146,0.000000
166686,535136,0.000000
166686,535126,0.000000
166686,535116,0.000000
166686,535106,0.000000
166686,535096,0.000000
166686,535086,0.000000
166686,535076,0.000000
166686,535066,0.000000
166686,535056,0.000000
166686,535046,0.000000
166686,535036,0.000000
166686,535026,0.000000
166686,535016,0.000000
166686,535006,0.000000
166686,534996,0.000000
166686,534986,0.000000
166686,534976,0.000000
166686,534966,0.000000
166686,534956,0.000000
166686,534946,0.000000
166686,534936,0.000000
166686,534926,0.000000
166686,534916,0.000000
166686,534906,0.000000
166686,534896,0.000000
166686,534886,0.000000
166686,534876,0.000000
166686,534866,0.000000
166686,534856,0.000000
166686,534846,0.000000
166686,534836,0.000000
166686,534826,0.000000
166686,534816,0.000000
166686,534806,0.000000
166686,534796,0.000000
166686,534786,0.000000
166686,534776,0.000000
166686,534766,0.000000
166686,534756,0.000000
166686,534746,0.000000
166686,534736,0.000000
166686,534726,0.000000
166686,534716,0.000000
166686,534706,0.000000
166686,534696,0.000000
166686,534686,0.000000
166686,534676,0.000000
166686,534666,0.000000
166686,534656,0.000000
166686,534646,0.000000
166686,534636,0.000000
166686,534626,0.000000
166686,534616,0.000000
166686,534606,0.000000
166686,534596,0.000000
166686,534586,0.000000
166686,534576,0.000000
166686,534566,0.000000
166686,534556,0.000000
166686,534546,0.000000
166686,534536,0.000000
166686,534526,0.000000
166686,534516,0.000000
166686,534506,0.000000
166686,534496,0.000000
166686,534486,0.000000
166686,534476,0.000000
166686,534466,0.000000
166686,534456,0.000000
166686,534446,0.000000
166686,534436,0.000000
166686,534426,0.000000
166686,534416,0.000000
166686,534406,0.000000
166686,534396,0.000000
166686,534386,0.000000
166686,534376,0.000000
166686,534366,0.000000
166686,534356,0.000000
166686,534346,0.000000
166686,534336,0.000000
166686,534326,0.000000
166686,534316,0.000000
166686,534306,0.000000
166686,534296,0.000000
166686,534286,0.000000
166686,534276,0.000000
166686,534266,0.000000
166686,534256,0.000000
166686,534246,0.000000
166686,534236,0.000000
166686,534226,0.000000
166686,534216,0.000000
166686,534206,0.000000
166686,534196,0.000000
166686,534186,0.000000
166686,534176,0.000000
166686,534166,0.000000
166686,534156,0.000000
166686,534146,0.000000
166686,534136,0.000000
166686,534126,0.000000
166686,534116,0.000000
166686,534106,0.000000
166686,534096,0.000000
166686,534086,0.000000
166686,534076,0.000000
166686,534066,0.000000
166686,534056,0.000000
166686,534046,0.000000
166686,534036,0.000000
166686,534026,0.000000
166686,534016,0.000000
166686,534006,0.000000
166686,533996,0.000000
166686,533986,0.000000
166686,533976,0.000000
166686,533966,0.000000
166686,533956,0.000000
166686,533946,0.000000
166686,533936,0.000000
166686,533926,0.000000
166686,533916,0.000000
166686,533906,0.000000
166686,533896,0.000000
166686,533886,0.000000
166686,533876,0.000000
166686,533866,0.000000
166686,533856,0.000000
166686,533846,0.000000
166686,533836,0.000000
166686,533826,0.000000
166686,533816,0.000000
166686,533806,0.000000
166686,533796,0.000000
166686,533786,0.000000
166686,533776,0.000000
166686,533766,0.000000
166686,533756,0.000000
166686,533746,0.000000
166686,533736,0.000000
166686,533726,0.000000
166686,533716,0.000000
166686,533706,0.000000
166686,533696,0.000000
166686,533686,0.000000
166686,533676,0.000000
166686,533666,0.000000
166686,533656,0.000000
166686,533646,0.000000
166686,533636,0.000000
166686,533626,0.000000
166686,533616,0.000000
166686,533606,0.000000
166686,533596,0.000000
166686,533586,0.000000
166686,533576,0.000000
166686,533566,0.000000
166686,533556,0.000000
166686,533546,0.000000
166686,533536,0.000000
166686,533526,0.000000
166686,533516,0.000000
166686,533506,0.000000
166686,533496,0.000000
166686,533486,0.000000
166686,533476,0.000000
166686,533466,0.000000
166686,533456,0.000000
166686,533446,0.000000
166686,533436,0.000000
166686,533426,0.000000
166686,533416,0.000000
166686,533406,0.000000
166686,533396,0.000000
166686,533386,0.000000
166686,533376,0.000000
166686,533366,0.000000
166686,533356,0.000000
166686,533346,0.000000
166686,533336,0.000000
166686,533326,0.000000
166686,533316,0.000000
166686,533306,0.000000
166686,533296,0.000000
166686,533286,0.000000
166686,533276,0.000000
166686,533266,0.000000
166686,533256,0.000000
166686,533246,0.000000
166686,533236,0.000000
166686,533226,0.000000
166686,533216,0.000000
166686,533206,0.000000
166686,533196,0.000000
166686,533186,0.000000
166686,533176,0.000000
166686,533166,0.000000
166686,533156,0.000000
166686,533146,0.000000
166686,533136,0.000000
166686,533126,0.000000
166686,533116,0.000000
166686,533106,0.000000
166686,533096,0.000000
166686,533086,0.000000
166686,533076,0.000000
166686,533066,0.000000
166686,533056,0.000000
166686,533046,0.000000
166686,533036,0.000000
166686,533026,0.000000
166686,533016,0.000000
166686,533006,0.000000
166686,532996,0.000000
166686,532986,0.000000
166686,532976,0.000000
166686,532966,0.000000
166686,532956,0.000000
166686,532946,0.000000
166686,532936,0.000000
166686,532926,0.000000
166686,532916,0.000000
166686,532906,0.000000
166686,532896,0.000000
166686,532886,0.000000
166686,532876,0.000000
166686,532866,0.000000
166686,532856,0.000000
166686,532846,0.000000
166686,532836,0.000000
166686,532826,0.000000
166686,532816,0.000000
166686,532806,0.000000
166686,532796,0.000000
166686,532786,0.000000
166686,532776,0.000000
166686,532766,0.000000
166686,532756,0.000000
166686,532746,0.000000
166686,532736,0.000000
166686,532726,0.000000
166686,532716,0.000000
166686,532706,0.000000
166686,532696,0.000000
166686,532686,0.000000
166686,532676,0.000000
166686,532666,0.000000
166686,532656,0.000000
166686,532646,0.000000
166686,532636,0.000000
166686,532626,0.000000
166686,532616,0.000000
166686,532606,0.000000
166686,532596,0.000000
166686,532586,0.000000
166686,532576,0.000000
166686,532566,0.000000
166686,532556,0.000000
166686,532546,0.000000
166686,532536,0.000000
166686,532526,0.000000
166686,532516,0.000000
166686,532506,0.000000
166686,532496,0.000000
166686,532486,0.000000
166686,532476,0.000000
166686,532466,0.000000
166686,532456,0.000000
166686,532446,0.000000
166686,532436,0.000000
166686,532426,0.000000
166686,532416,0.000000
166686,532406,0.000000
166686,532396,0.000000
166686,532386,0.000000
166686,532376,0.000000
166686,532366,0.000000
166686,532356,0.000000
166686,532346,0.000000
166686,532336,0.000000
166686,532326,0.000000
166686,532316,0.000000
166686,532306,0.000000
166686,532296,0.000000
166686,532286,0.000000
166686,532276,0.000000
166686,532266,0.000000
166686,532256,0.000000
166686,532246,0.000000
166686,532236,0.000000
166686,532226,0.000000
166686,532216,0.000000
166686,532206,0.000000
166686,532196,0.000000
166686,532186,0.000000
166686,532176,0.000000
166686,532166,0.000000
166686,532156,0.000000
166686,532146,0.000000
166686,532136,0.000000
166686,532126,0.000000
166686,532116,0.000000
166686,532106,0.000000
166686,532096,0.000000
166686,532086,0.000000
166686,532076,0.000000
166686,532066,0.000000
166686,532056,0.000000
166686,532046,0.000000
166686,532036,0.000000
166686,532026,0.000000
166686,532016,0.000000
166686,532006,0.000000
166686,531996,0.000000
166686,531986,0.000000
166686,531976,0.000000
166686,531966,0.000000
166686,531956,0.000000
166686,531946,0.000000
166686,531936,0.000000
166686,531926,0.000000
166686,531916,0.000000
166686,531906,0.000000
166686,531896,0.000000
166686,531886,0.000000
166686,531876,0.000000
166686,531866,0.000000
166686,531856,0.000000
166686,531846,0.000000
166686,531836,0.000000
166686,531826,0.000000
166686,531816,0.000000
166686,531806,0.000000
166686,531796,0.000000
166686,531786,0.000000
166686,531776,0.000000
166686,531766,0.000000
166686,531756,0.000000
166686,531746,0.000000
166686,531736,0.000000
166686,531726,0.000000
166686,531716,0.000000
166686,531706,0.000000
166686,531696,0.000000
166686,531686,0.000000
166686,531676,0.000000
166686,531666,0.000000
166686,531656,0.000000
166686,531646,0.000000
166686,531636,0.000000
166686,531626,0.000000
166686,531616,0.000000
166686,531606,0.000000
166686,531596,0.000000
166686,531586,0.000000
166686,531576,0.000000
166686,531566,0.000000
166686,531556,0.000000
166686,531546,0.000000
166686,531536,0.000000
166686,531526,0.000000
166686,531516,0.000000
166686,531506,0.000000
166686,531496,0.000000
166686,531486,0.000000
166686,531476,0.000000
166686,531466,0.000000
166686,531456,0.000000
166686,531446,0.000000
166686,531436,0.000000
166686,531426,0.000000
166686,531416,0.000000
166686,531406,0.000000
166686,531396,0.000000
166686,531386,0.000000
166686,531376,0.000000
166686,531366,0.000000
166686,531356,0.000000
166686,531346,0.000000
166686,531336,0.000000
166686,531326,0.000000
166686,531316,0.000000
166686,531306,0.000000
166686,531296,0.000000
166686,531286,0.000000
166686,531276,0.000000
166686,531266,0.000000
166686,531256,0.000000
166686,531246,0.000000
166686,531236,0.000000
166686,531226,0.000000
166686,531216,0.000000
166686,531206,0.000000
166686,531196,0.000000
166686,531186,0.000000
166686,531176,0.000000
166686,531166,0.000000
166686,531156,0.000000
166686,531146,0.000000
166686,531136,0.000000
166686,531126,0.000000
166686,531116,0.000000
166686,531106,0.000000
166686,531096,0.000000
166686,531086,0.000000
166686,531076,0.000000
166686,531066,0.000000
166686,531056,0.000000
166686,531046,0.000000
166686,531036,0.000000
166686,531026,0.000000
166686,531016,0.000000
166686,531006,0.000000
166686,530996,0.000000
166686,530986,0.000000
166686,530976,0.000000
166686,530966,0.000000
166686,530956,0.000000
166686,530946,0.000000
166686,530936,0.000000
166686,530926,0.000000
166686,530916,0.000000
166686,530906,0.000000
166686,530896,0.000000
166686,530886,0.000000
166686,530876,0.000000
166686,530866,0.000000
166686,530856,0.000000
166686,530846,0.000000
166686,530836,0.000000
166686,530826,0.000000
166686,530816,0.000000
166686,530806,0.000000
166686,530796,0.000000
166686,530786,0.000000
166686,530776,0.000000
166686,530766,0.000000
166686,530756,0.000000
166686,530746,0.000000
166686,530736,0.000000
166686,530726,0.000000
166686,530716,0.000000
166686,530706,0.000000
166686,530696,0.000000
166686,530686,0.000000
166686,530676,0.000000
166686,530666,0.000000
166686,530656,0.000000
166686,530646,0.000000
166686,530636,0.000000
166686,530626,0.000000
166686,530616,0.000000
166686,530606,0.000000
166686,530596,0.000000
166686,530586,0.000000
166686,530576,0.000000
166686,530566,0.000000
166686,530556,0.000000
166686,530546,0.000000
166686,530536,0.000000
166686,530526,0.000000
166686,530516,0.000000
166686,530506,0.000000
166686,530496,0.000000
166686,530486,0.000000
166686,530476,0.000000
166686,530466,0.000000
166686,530456,0.000000
166686,530446,0.000000
Next Group
166686,530436,1496.210600
166686,530426,1497.131600
166686,530416,1496.709800
166686,530406,1494.823200
166686,530396,1495.973100
166686,530386,1496.619300
166686,530376,1495.266900
166686,530336,1492.496500
Next Group
166686,530306,1489.903800
166686,530296,1490.412700
Next Group
166686,530266,1492.580700
166686,530256,1492.433400
166686,530246,1493.262900
166686,530236,1493.100500
Next Group
166686,530196,1491.230400
166686,530186,1488.931900
166686,530176,1490.859900
166686,530166,1493.535500
166686,530156,1492.076300
166686,530146,1489.686100
166686,530136,1490.240900
166686,530126,1490.200600
166686,530116,1490.541800
166686,530106,1491.432200
166686,530096,1492.399000
166686,530086,1491.992500
166686,530076,1491.662300
166686,530066,1490.126600
166686,530056,1489.598000
166686,530046,1491.037800
166686,530036,1491.729900
166686,530026,1492.055800
166686,530016,1491.527200
Next Group
166686,529986,1482.526100
Next Group
166686,529966,1487.846900
166686,529956,1487.333500
166686,529946,1489.093700
166686,529936,1489.694200
166686,529926,1489.089400
166686,529916,1487.172400
166686,529906,1487.223600
Next Group
166686,529886,1484.777900
166686,529876,1483.379600
166686,529866,1483.125700
166686,529856,1486.365900
166686,529846,1487.103800
166686,529836,1487.628100
Next Group
166686,529796,1483.209800
166686,529786,1485.809200
166686,529776,1485.906200
166686,529766,1485.194600
166686,529756,1482.712900
166686,529746,1481.284100
166686,529736,1482.754300
166686,529726,1485.460500
Next Group
166686,529706,1477.918600
Next Group
166686,529676,1483.382200
166686,529666,1483.265600
166686,529656,1483.652600
166686,529646,1483.520700
166686,529636,1486.638900
166686,529626,1485.301600
166686,529616,1483.506700
166686,529606,1483.542700
166686,529596,1483.532900
Next Group
166686,529566,1478.651400
166686,529556,1475.330600
Next Group
166686,529526,1482.686200
166686,529516,1482.539100
166686,529506,1483.353300
166686,529496,1483.389300
Next Group
166686,529466,1481.483100
166686,529456,1481.397000
166686,529446,1481.204200
166686,529436,1478.035900
166686,529426,1474.699900
Next Group
166686,529406,1471.949000
166686,529396,1472.000200
166686,529386,1472.616100
166686,529376,1473.399800
Next Group
166686,529346,1477.749500
Next Group
166686,529276,1475.712700
166686,529266,1473.978600
166686,529256,1473.572100
166686,529246,1474.294800
Next Group
166686,529216,1475.333500
166686,529206,1475.308400
166686,529196,1473.635600
166686,529186,1472.603400
166686,529176,1471.388200
166686,529166,1471.302200
Next Group
166686,529096,1469.067000
166686,529086,1470.476300
166686,529076,1472.648400
166686,529066,1471.982500
166686,529056,1472.033700
166686,529046,1471.932400
166686,529036,1472.548100
166686,529026,1471.409300
166686,529016,1471.262200
166686,529006,1470.977800
166686,528996,1468.953800
166686,528986,1470.134300
Next Group
166686,528966,1469.321300
166686,528956,1469.296200
166686,528946,1469.469400
166686,528936,1469.474900
166686,528926,1468.305600
166686,528916,1467.609200
166686,528906,1466.683900
166686,528896,1463.164700
166686,528886,1468.388400
166686,528876,1467.905600
166686,528866,1467.544900
166686,528856,1467.214700
Next Group
166686,528826,1462.623100
166686,528816,1465.176700
166686,528806,1469.103600
166686,528796,1470.970500
166686,528786,1468.687300
Next Group
166686,528756,1466.262500
166686,528746,1467.610600
166686,528736,1468.714700
Next Group
166686,528686,1462.760800
166686,528676,1466.535100
166686,528666,1466.601600
166686,528656,1467.598800
166686,528646,1468.214600
166686,528636,1467.899700
166686,528626,1466.348800
166686,528616,1467.391800
166686,528606,1466.085100
Next Group
166686,528576,1466.315200
166686,528566,1465.557700
166686,528556,1464.891800
166686,528546,1465.187200
Next Group
166686,528526,1464.587800
166686,528516,1463.464100
166686,528506,1463.713800
166686,528496,1462.910500
166686,528486,1462.046300
166686,528476,1462.158600
166686,528466,1462.957500
166686,528456,1461.605000
166686,528446,1461.045900
166686,528436,1461.112400
166686,528426,1465.069800
166686,528416,1461.199600
Next Group
166686,528396,1459.074400
166686,528386,1460.025900
166686,528376,1461.282500
166686,528366,1461.928800
166686,528356,1463.902600
166686,528346,1462.016100
166686,528336,1461.518000
Next Group
166686,528316,1462.230800
166686,528306,1462.816100
166686,528296,1461.829800
166686,528286,1460.553600
166686,528276,1461.291400
166686,528266,1462.075100
166686,528256,1462.523100
166686,528246,1460.941700
166686,528236,1459.558600
166686,528226,1458.419800
Next Group
166686,528196,1451.325900
166686,528186,1453.650600
Next Group
166686,528166,1455.599300
166686,528156,1455.574300
166686,528146,1455.289800
166686,528136,1456.226000
166686,528126,1455.712700
166686,528116,1454.741700
166686,528106,1454.350500
Next Group
166686,528076,1453.710800
166686,528066,1453.136400
166686,528056,1453.431700
166686,528046,1454.169600
166686,528036,1453.229100
166686,528026,1452.227600
Next Group
166686,527976,1447.616300
166686,527966,1448.659400
166686,527956,1452.159000
166686,527946,1453.278300
166686,527936,1453.253300
166686,527926,1452.480600
166686,527916,1452.058800
166686,527906,1450.996300
Next Group
166686,527886,1451.937900
Next Group
166686,527866,1448.637800
166686,527856,1446.400400
166686,527846,1446.558500
166686,527836,1446.411300
Next Group
166686,527806,1444.062700
166686,527796,1444.281800
Next Group
166686,527776,1443.224700
166686,527766,1444.496500
Next Group
Next Group
166686,527756,0.000000
166686,527746,0.000000
166686,527736,0.000000
166686,527726,0.000000
166686,527716,0.000000
166686,527706,0.000000
166686,527696,0.000000
166686,527686,0.000000
166686,527676,0.000000
166686,527666,0.000000
166686,527656,0.000000
Next Group
166686,527646,1442.395600
166686,527636,1442.874100
166686,527626,1443.093100
166686,527616,1442.961200
166686,527606,1442.722600
166686,527596,1442.712800
166686,527586,1441.802700
166686,527576,1440.648700
166686,527566,1440.791400
166686,527556,1441.514000
166686,527546,1441.641600
166686,527536,1440.655200
166686,527516,1441.413900
166686,527506,1441.282000
Next Group
166686,527466,1438.954100
166686,527456,1438.547600
166686,527446,1438.766700
166686,527436,1437.215800
Next Group
Next Group
166686,527426,0.000000
166686,527416,0.000000
166686,527406,0.000000
166686,527396,0.000000
166686,527386,0.000000
166686,527376,0.000000
166686,527366,0.000000
166686,527356,0.000000
Next Group
166686,527346,1439.904800
166686,527336,1439.788100
166686,527326,1438.893400
166686,527316,1439.570200
166686,527306,1440.216500
166686,527296,1439.672700
166686,527286,1440.197000
166686,527276,1439.302200
166686,527266,1438.712600
166686,527246,1436.022900
166686,527236,1432.427400
Next Group
166686,527166,1437.012700
Next Group
166686,527116,1434.110400
166686,527106,1433.551300
166686,527096,1433.388900
166686,527086,1433.241800
166686,527076,1433.506700
166686,527066,1434.137800
166686,527056,1434.433100
166686,527046,1434.041900
166686,527036,1432.994600
Next Group
166686,526986,1436.683900
166686,526976,1436.948800
166686,526966,1435.855600
166686,526956,1434.228400
166686,526946,1432.265600
166686,526936,1429.890900
166686,526926,1429.423300
166686,526916,1429.581300
166686,526906,1428.412000
166686,526896,1429.012400
Next Group
166686,526876,1425.361400
166686,526866,1424.283600
166686,526856,1422.290200
166686,526846,1421.471700
Next Group
Next Group
166686,526836,0.000000
166686,526826,0.000000
166686,526816,0.000000
166686,526806,0.000000
166686,526796,0.000000
166686,526786,0.000000
166686,526776,0.000000
Next Group
166686,526766,1426.855900
166686,526736,1424.400400
Next Group
166686,526716,1420.383200
Next Group
166686,526656,1421.850300
166686,526646,1421.092900
Next Group
166686,526626,1425.315100
Next Group
166686,526606,1420.046700
166686,526596,1419.396000
166686,526586,1419.081100
Next Group
166686,526556,1425.887500
166686,526546,1425.236800
Next Group
166686,526496,1424.180900
166686,526486,1423.438700
166686,526476,1422.055600
Next Group
166686,526456,1423.211000
166686,526446,1421.019200
166686,526436,1419.117500
166686,526426,1419.336600
166686,526416,1420.104900
166686,526406,1421.071600
Next Group
166686,526376,1415.396700
Next Group
Next Group
166686,526366,0.000000
166686,526356,0.000000
166686,526346,0.000000
166686,526336,0.000000
166686,526326,0.000000
166686,526316,0.000000
166686,526306,0.000000
166686,526296,0.000000
166686,526286,0.000000
Next Group
166686,526276,1409.760100
166686,526256,1412.014000
Next Group
166686,526196,1412.153700
166686,526186,1414.982000
Next Group
166686,526156,1412.160300
166686,526146,1410.655300
166686,526136,1410.614800
Next Group
166686,526106,1408.937700
166686,526096,1409.721300
Next Group
Next Group
166686,526086,0.000000
166686,526076,0.000000
166686,526066,0.000000
166686,526056,0.000000
166686,526046,0.000000
166686,526036,0.000000
166686,526026,0.000000
166686,526016,0.000000
166686,526006,0.000000
166686,525996,0.000000
Next Group
166686,525986,1401.465800
166686,525916,1401.259900
166686,525906,1402.089400
166686,525896,1401.118300
166686,525886,1401.322100
Next Group
166686,525836,1399.945700
Next Group
166686,525816,1402.413200
Next Group
Next Group
166686,525806,0.000000
166686,525796,0.000000
166686,525786,0.000000
166686,525776,0.000000
166686,525766,0.000000
166686,525756,0.000000
166686,525746,0.000000
166686,525736,0.000000
166686,525726,0.000000
166686,525716,0.000000
166686,525706,0.000000
166686,525696,0.000000
166686,525686,0.000000
166686,525676,0.000000
166686,525666,0.000000
166686,525656,0.000000
166686,525646,0.000000
166686,525636,0.000000
166686,525626,0.000000
166686,525616,0.000000
166686,525606,0.000000
166686,525596,0.000000
166686,525586,0.000000
166686,525576,0.000000
166686,525566,0.000000
Next Group
166686,525556,1395.201000
166686,525506,1393.321200
Next Group
Next Group
166686,525496,0.000000
166686,525486,0.000000
166686,525476,0.000000
166686,525466,0.000000
166686,525456,0.000000
166686,525446,0.000000
166686,525436,0.000000
166686,525426,0.000000
166686,525416,0.000000
166686,525406,0.000000
166686,525396,0.000000
166686,525386,0.000000
166686,525376,0.000000
166686,525366,0.000000
Next Group
166686,525356,1311.680100
Next Group
166686,525346,0.000000
166686,525336,0.000000
166686,525326,0.000000
166686,525316,0.000000
166686,525306,0.000000
166686,525296,0.000000
166686,525286,0.000000
166686,525276,0.000000
166686,525266,0.000000
166686,525256,0.000000
166686,525246,0.000000
166686,525236,0.000000
166686,525226,0.000000
166686,525216,0.000000
166686,525206,0.000000
166686,525196,0.000000
166686,525186,0.000000
166686,525176,0.000000
166686,525166,0.000000
166686,525156,0.000000
166686,525146,0.000000
166686,525136,0.000000
166686,525126,0.000000
166686,525116,0.000000
166686,525106,0.000000
166686,525096,0.000000
166686,525086,0.000000
166686,525076,0.000000
166686,525066,0.000000
166686,525056,0.000000
166686,525046,0.000000
166686,525036,0.000000
166686,525026,0.000000
166686,525016,0.000000
166686,525006,0.000000
166686,524996,0.000000
166686,524986,0.000000
166686,524976,0.000000
166686,524966,0.000000
166686,524956,0.000000
166686,524946,0.000000
166686,524936,0.000000
Next Group
166686,524926,-29.892800
166686,524916,-31.077500
166686,524876,-30.033300
166686,524866,-30.943300
166686,524856,-30.571600
166686,524846,-29.528600
166686,524836,-29.874100
166686,524826,-31.241800
166686,524816,-32.014500
166686,524806,-33.061900
166686,524796,-33.682000
166686,524786,-34.119000
166686,524776,-34.235600
166686,524766,-34.474300
166686,524756,-34.377300
166686,524746,-34.158200
166686,524736,-34.885100
166686,524726,-35.032200
166686,524716,-35.148800
166686,524706,-35.265400
166686,524696,-35.595600
166686,524686,-36.276700
166686,524676,-36.240800
166686,524666,-35.579200
166686,524656,-35.970400
166686,524646,-37.063500
166686,524636,-37.393800
166686,524626,-36.793200
166686,524616,-37.749000
166686,524606,-37.423100
166686,524596,-37.219300
166686,524586,-37.503700
166686,524576,-38.490000
166686,524566,-39.094900
Next Group
166686,524546,-36.871500
166686,524536,-38.590200
Next Group
166686,524496,-42.016700
166686,524486,-41.645000
166686,524476,-41.563300
166686,524466,-41.267900
166686,524456,-41.460800
166686,524446,-41.607900
166686,524436,-41.831300
166686,524426,-42.405600
166686,524416,-42.018700
166686,524406,-41.769100
166686,524396,-41.824700
166686,524386,-42.246400
166686,524376,-43.537900
166686,524366,-43.562900
166686,524356,-44.656100
166686,524346,-45.733900
166686,524336,-45.896300
166686,524326,-45.509400
166686,524316,-45.824300
166686,524306,-46.841100
166686,524296,-46.789900
166686,524286,-48.615400
166686,524276,-49.540700
166686,524266,-48.345100
166686,524256,-49.438200
166686,524246,-52.499600
166686,524236,-50.876800
166686,524226,-50.810300
166686,524216,-51.613500
166686,524206,-52.828700
166686,524196,-52.975800
166686,524186,-53.168700
166686,524176,-54.231300
166686,524166,-54.119000
166686,524156,-54.525500
166686,524146,-55.389700
166686,524136,-55.445300
166686,524126,-54.997400
166686,524116,-55.739500
166686,524106,-57.275100
166686,524096,-58.230900
166686,524086,-59.308800
166686,524076,-59.989900
166686,524066,-59.999700
166686,524056,-59.826400
166686,524046,-59.470000
166686,524036,-59.067800
Next Group
166686,524016,-65.053400
166686,524006,-62.804900
166686,523996,-60.358100
166686,523986,-60.947700
166686,523976,-61.644200
166686,523966,-63.378100
166686,523956,-63.952500
166686,523946,-63.504500
166686,523936,-62.873400
166686,523926,-64.424300
Next Group
166686,523896,-79.742400
Next Group
Next Group
166686,523886,0.000000
166686,523876,0.000000
166686,523866,0.000000
166686,523856,0.000000
166686,523846,0.000000
166686,523836,0.000000
166686,523826,0.000000
166686,523816,0.000000
166686,523806,0.000000
166686,523796,0.000000
166686,523786,0.000000
166686,523776,0.000000
166686,523766,0.000000
166686,523756,0.000000
166686,523746,0.000000
166686,523736,0.000000
166686,523726,0.000000
166686,523716,0.000000
166686,523706,0.000000
166686,523696,0.000000
166686,523686,0.000000
166686,523676,0.000000
166686,523666,0.000000
166686,523656,0.000000
166686,523646,0.000000
166686,523636,0.000000
166686,523626,0.000000
166686,523616,0.000000
166686,523606,0.000000
166686,523596,0.000000
166686,523586,0.000000
166686,523576,0.000000
166686,523566,0.000000
166686,523556,0.000000
Next Group
166686,523546,-159.275100
166686,523536,-157.255600
166686,523526,-154.030600
166686,523516,-152.697700
166686,523506,-152.692200
166686,523496,-153.220800
166686,523486,-153.322100
166686,523476,-152.935200
166686,523426,-166.991200
166686,523416,-140.970400
166686,523406,-140.461400
166686,523396,-140.562800
166686,523386,-140.496300
166686,523376,-140.445000
166686,523366,-140.866800
166686,523356,-144.218100
Next Group
Next Group
166686,523346,0.000000
166686,523336,0.000000
166686,523326,0.000000
166686,523316,0.000000
166686,523306,0.000000
166686,523296,0.000000
166686,523286,0.000000
166686,523276,0.000000
166686,523266,0.000000
166686,523256,0.000000
166686,523246,0.000000
166686,523236,0.000000
166686,523226,0.000000
166686,523216,0.000000
166686,523206,0.000000
166686,523196,0.000000
166686,523186,0.000000
166686,523176,0.000000
166686,523166,0.000000
166686,523156,0.000000
166686,523146,0.000000
166686,523136,0.000000
166686,523126,0.000000
166686,523116,0.000000
166686,523106,0.000000
166686,523096,0.000000
166686,523086,0.000000
166686,523076,0.000000
166686,523066,0.000000
Next Group
166686,523056,9.169100
166686,523036,11.239900
166686,523026,11.474300
Next Group
Next Group
166686,523016,0.000000
166686,523006,0.000000
166686,522996,0.000000
166686,522986,0.000000
166686,522976,0.000000
166686,522966,0.000000
166686,522956,0.000000
166686,522946,0.000000
166686,522936,0.000000
166686,522926,0.000000
166686,522916,0.000000
166686,522906,0.000000
166686,522896,0.000000
166686,522886,0.000000
166686,522876,0.000000
166686,522866,0.000000
166686,522856,0.000000
166686,522846,0.000000
166686,522836,0.000000
166686,522826,0.000000
166686,522816,0.000000
166686,522806,0.000000
166686,522796,0.000000
166686,522786,0.000000
166686,522776,0.000000
166686,522766,0.000000
166686,522756,0.000000
166686,522746,0.000000
166686,522736,0.000000
166686,522726,0.000000
166686,522716,0.000000
166686,522706,0.000000
166686,522696,0.000000
166686,522686,0.000000
166686,522676,0.000000
166686,522666,0.000000
166686,522656,0.000000
166686,522646,0.000000
166686,522636,0.000000
166686,522626,0.000000
166686,522616,0.000000
166686,522606,0.000000
166686,522596,0.000000
166686,522586,0.000000
166686,522576,0.000000
166686,522566,0.000000
166686,522556,0.000000
166686,522546,0.000000
166686,522536,0.000000
166686,522526,0.000000
166686,522516,0.000000
166686,522506,0.000000
166686,522496,0.000000
166686,522486,0.000000
166686,522476,0.000000
166686,522466,0.000000
166686,522456,0.000000
166686,522446,0.000000
166686,522436,0.000000
166686,522426,0.000000
166686,522416,0.000000
166686,522406,0.000000
166686,522396,0.000000
166686,522386,0.000000
166686,522376,0.000000
166686,522366,0.000000
Next Group
166686,522356,-9.215500
166686,522346,-6.372000
166686,522336,-1.682300
166686,522326,0.230500
166686,522316,0.159700
166686,522306,-0.124800
166686,522296,-0.866900
166686,522236,5.513300
166686,522226,6.617400
166686,522216,6.714400
166686,522206,6.658800
166686,522196,6.588000
166686,522186,6.456200
166686,522176,6.385300
166686,522166,6.314500
Next Group
Next Group
166686,0,0.000000
0,0,0.000000
0,0,0.000000
Next Group
